0.110728594
0.10012271
0.012786422
0.013558119
0.064624658
0.010067675
0.000169773
0.85876
0.034599717
0.733309806
0.440065032
0.12560849
0.100241432
0.573825806
0.573034323
0.145158142
0.11088689
0.0067474
0.022885756
0.071985458
0.033151302
0.000169773
0.760220258
0.018690892
0.704420645
0.476869032
0.099410374
0.102892903
0.601132
0.595195871
0.117891523
0.15505169
0.123075742
0.089477252
0.10843329
0.002651471
0.005267325
0.041948645
0.009375126
0.000166212
0.506153935
0.038948921
0.776841419
0.550872774
0.121374052
0.121492774
0.663659226
0.656140129
0.144683252
0.148324077
0.090110439
0.100241432
0.074993097
0.025572844
0.014840323
0.037077062
0.060073626
0.000173731
0.610629806
0.023249839
0.814436903
0.490324258
0.135502039
0.10843329
0.622106323
0.619336129
0.133088013
0.167873729
0.100953768
0.017361199
0.041592477
0.041315458
0.086113445
0.000177292
0.428192774
0.019593183
0.672365548
0.542166452
0.122442555
0.1251336
0.68898671
0.689778194
0.152637665
0.104238426
0.099410374
0.087696413
0.004535203
0.064980826
0.039969935
0.094701045
0.000169773
0.749930968
0.017392858
0.651391226
0.461039355
0.137678619
0.102418013
0.6134
0.606672387
0.116427277
0.07776329
0.04709329
0.017693622
0.064980826
0.038948921
0.000177292
0.667616645
0.018267448
0.700463226
0.516838968
0.146859832
0.097946129
0.620127613
0.61142129
0.110016258
0.087696413
0.051446452
0.022070528
0.082591342
0.009632359
0.000169773
0.713126968
0.017812345
0.731331097
0.464601032
0.151925329
0.108829032
0.597174581
0.595195871
0.08512409
0.072816516
0.032063012
0.055720465
0.082868361
0.082710065
0.000166212
0.636748774
0.033210663
0.306264684
0.587281032
0.169812865
0.126795716
0.73608
0.73805871
0.103882258
0.079939871
0.058015768
0.076338619
0.079939871
0.037136423
0.000158693
0.528315484
0.02234359
0.005924257
0.711939742
0.18599871
0.146384942
0.850053677
0.837785677
0.116783445
0.079583703
0.026447434
0.076219897
0.016213547
0.030464214
0.000162254
0.730539613
0.016272908
0.002421941
0.669595355
0.186236155
0.144920697
0.824330452
0.815624129
0.085876
0.084055587
0.052712826
0.081997729
0.047568181
0.039613768
0.000169773
0.581740645
0.00872611
0.001187226
0.697693032
0.183347239
0.151450439
0.850053677
0.840555871
0.108591587
0.094582323
0.022129889
0.091178942
0.00685425
0.009842102
0.000162254
0.577783226
0.019351781
0.001028929
0.725394968
0.204361135
0.149036413
0.859947226
0.846492
0.104475871
0.085519832
0.090704052
0.004764733
0.082235174
0.01642329
0.003735804
0.000166212
0.724603484
0.014219008
0.001187226
0.706399355
0.203371781
0.149748748
0.825913419
0.794254065
0.109066477
0.076219897
0.008017732
0.083224529
0.014175476
0.048913703
0.000166212
0.567098194
0.011852471
0.001028929
0.727373677
0.194428013
0.153627019
0.872610968
0.865883355
0.100953768
0.081522839
0.079346258
0.036835659
0.069096542
0.020499432
0.067869742
0.000158693
0.691756903
0.020922876
0.453916
0.56234929
0.1251336
0.123313187
0.705212129
0.691756903
0.135027148
0.104000981
0.072579071
0.00762199
0.083699419
0.044125226
0.065099548
0.000173731
0.472911613
0.00196288
0.569076903
0.575013032
0.173928581
0.123669355
0.705212129
0.694527097
0.115833665
0.098064852
0.017844004
0.036230174
0.013328588
0.049388594
0.000169773
0.739245935
0.022161548
0.656931613
0.52950271
0.120028529
0.113894529
0.644267871
0.639518968
0.005516643
0.003498359
0.107839677
0.090347884
0.017361199
0.045945639
0.029648986
0.062922968
0.000166212
0.576991742
0.00210139
0.580553419
0.592425677
0.131148877
0.711939742
0.702441935
0.004626223
0.035628646
0.108077123
0.103367794
0.030313832
0.035387244
0.070877381
0.054295794
0.000166212
0.523566581
0.017238519
0.640706194
0.530294194
0.127785071
0.687799484
0.677114452
0.004044483
0.080058594
0.081166671
0.098539742
0.035323925
0.025422462
0.007412246
0.094186581
0.000166212
0.703233419
0.01079584
0.631999871
0.486762581
0.120305548
0.645455097
0.642684903
0.074399484
0.08757769
0.099529097
0.103605239
0.082987084
0.030673957
0.020321348
0.021073258
0.102536735
0.000169773
0.630021161
0.025541185
0.625272258
0.485575355
0.118722581
0.643476387
0.656931613
0.07776329
0.097589961
0.101586955
0.093355523
0.111480503
0.046697548
0.012786422
0.068463355
0.076932232
0.000169773
0.689778194
0.022885756
0.607859613
0.520796387
0.110134981
0.635561548
0.645455097
0.073924594
0.058253213
0.008183943
0.096244439
0.098183574
0.083818142
0.052594103
0.074162039
0.066168052
0.000162254
0.668408129
0.012711231
0.677114452
0.490324258
0.101705677
0.614587226
0.616565935
0.075705432
0.100478877
0.081047948
0.051565174
0.042027794
0.020863515
0.019715863
0.000166212
0.642684903
0.001749179
0.631999871
0.585302323
0.120542994
0.681071871
0.687008
0.072816516
0.092405742
0.089595974
0.009766911
0.017903365
0.054651961
0.040444826
0.000177292
0.715105677
0.008061263
0.577783226
0.573034323
0.127785071
0.677114452
0.665637935
0.082868361
0.101586955
0.112549006
0.082591342
0.015762401
0.008168114
0.111243058
0.071985458
0.000169773
0.561162065
0.006288339
0.693735613
0.548894065
0.119791084
0.654952903
0.654161419
0.07681351
0.096600606
0.009149554
0.016486609
0.065218271
0.074162039
0.000169773
0.713126968
0.019442801
0.663659226
0.526732516
0.1153192
0.630812645
0.6134
0.075230542
0.087300671
0.034421634
0.00687008
0.102418013
0.053425161
0.00018125
0.98144
0.004740988
0.639518968
0.188887626
0.115596219
0.665637935
0.647433806
0.079821148
0.114250697
0.103882258
0.081047948
0.01850885
0.023340859
0.105188206
0.02907516
0.000169773
0.614587226
0.019351781
0.659701806
0.557600387
0.118603858
0.656931613
0.643476387
0.079108813
0.091178942
0.077644568
0.006723655
0.082868361
0.055364297
0.018026045
0.000162254
0.499426323
0.008844832
0.646246581
0.61537871
0.127547626
0.705212129
0.699671742
0.083343252
0.119791084
0.096125716
0.114369419
0.042581832
0.081997729
0.016304568
0.075705432
0.000173731
0.551664258
0.004626223
0.645455097
0.56630671
0.117139613
0.656140129
0.658910323
0.123313187
0.101191213
0.104950761
0.11824769
0.017752983
0.003094702
0.057263858
0.000162254
0.720646065
0.006830506
0.212790439
0.680280387
0.131900787
0.762198968
0.757450065
0.110609871
0.113142619
0.097233794
0.041117587
0.079464981
0.004226524
0.055483019
0.000166212
0.641497677
0.010055803
0.025299782
0.765364903
0.153152129
0.859947226
0.837785677
0.11484431
0.095175935
0.003245084
0.080177316
0.030013068
0.088052581
0.000169773
0.628042452
0.006339786
0.743994839
0.147572168
0.874193935
0.868653548
0.121136606
0.082710065
0.052554529
0.079702426
0.04246311
0.117614503
0.000166212
0.693735613
0.001084333
0.682259097
0.143733471
0.837785677
0.817207097
0.128022516
0.10229929
0.026661134
0.055245574
0.005488941
0.132375677
0.000162254
0.683050581
0.00087459
0.772092516
0.101191213
0.852032387
0.815624129
0.097471239
0.085876
0.006430806
0.044995858
0.121730219
0.000166212
0.725394968
0.001084333
0.654952903
0.259408839
0.81166671
0.774071226
0.106415006
0.099766542
0.063872748
0.005283155
0.033392705
0.133325458
0.000162254
0.539000516
0.00087459
0.788317935
0.224623123
0.880130065
0.84847071
0.004657883
0.098183574
0.097115071
0.006680124
0.006248765
0.111124335
0.000169773
0.745973548
0.479243484
0.584510839
0.681071871
0.654952903
0.144920697
0.015065895
0.127310181
0.090704052
0.022402951
0.031402123
0.014084455
0.11484431
0.000169773
0.487949806
0.487949806
0.626855226
0.750722452
0.750722452
0.178994077
0.015912783
0.13815351
0.1239068
0.080058594
0.076219897
0.006945271
0.019593183
0.058688529
0.000173731
0.870632258
0.624085032
0.518817677
0.61142129
0.602714968
0.1386284
0.008259134
0.148798968
0.02807789
0.148561523
0.113142619
0.111005613
0.017452219
0.003347977
0.045549897
0.038826241
0.000166212
0.666825161
0.654161419
0.565119484
0.650204
0.654952903
0.014068626
0.157742735
0.023459582
0.000451146
0.057857471
0.131623768
0.107839677
0.098421019
0.040088658
0.003458785
0.067751019
0.057263858
0.000169773
0.510111355
0.552455742
0.608651097
0.692548387
0.687799484
0.090466606
0.008120625
0.162808232
0.128259961
0.110372426
0.110372426
0.067751019
0.011306347
0.061300426
0.053068994
0.000162254
0.583719355
0.602714968
0.594008645
0.645455097
0.628833935
0.079464981
0.003442955
0.148324077
0.118366413
0.114606865
0.019775225
0.008271006
0.009735252
0.012287787
0.000162254
0.475681806
0.713918452
0.625272258
0.690965419
0.674344258
0.083224529
0.004816179
0.157980181
0.126320826
0.100003987
0.099885265
0.025390803
0.004127588
0.015398319
0.049269871
0.000162254
0.781590323
0.601923484
0.577783226
0.630812645
0.604693677
0.077525845
0.011397368
0.135027148
0.10871031
0.104950761
0.101309935
0.017812345
0.030796637
0.060944258
0.071510568
0.000173731
0.665637935
0.680280387
0.540187742
0.601923484
0.604693677
0.078871368
0.004515415
0.157465716
0.112549006
0.10871031
0.09371169
0.048122219
0.060390219
0.003846612
0.023669325
0.000169773
0.567098194
0.590446968
0.61142129
0.675531484
0.658910323
0.08635089
0.019866245
0.167636284
0.111599226
0.112074116
0.118485135
0.016728012
0.031580206
0.008017732
0.000166212
0.601132
0.376785897
0.622106323
0.726582194
0.685820774
0.083224529
0.017210817
0.173414116
0.103367794
0.095175935
0.092524465
0.020772494
0.005948001
0.040642697
0.000166212
0.668408129
0.650204
0.552455742
0.647433806
0.595987355
0.081522839
0.013811394
0.158692516
0.111599226
0.067038684
0.054770684
0.004859711
0.0466184
0.000162254
0.85876
0.681071871
0.502592258
0.565119484
0.506153935
0.069571432
0.006905697
0.134552258
0.133325458
0.135976929
0.003063043
0.082591342
0.038284075
0.033032579
0.000169773
0.6134
0.630021161
0.556413161
0.631999871
0.599944774
0.079346258
0.009782741
0.163758013