33.21857806
30.0368129
3.835926581
4.067435613
19.38739742
3.020302452
0.050931987
257.628
10.37991523
219.9929419
132.0195097
29.39238674
30.07242968
172.1477419
171.9102968
9.580437368
33.2660671
2.02422
6.865726839
21.59563742
9.945390581
0.050931987
228.0660774
5.607267484
211.3261935
143.0607097
8.350471432
30.86787097
180.3396
178.5587613
14.38276575
4.65155071
7.876847484
26.84317548
32.5299871
0.79544129
1.580197548
12.58459355
2.812537935
0.049863484
151.8461806
11.68467639
233.0524258
165.2618323
8.860305768
36.44783226
199.0977677
196.8420387
25.75361879
7.267879794
27.03313161
30.07242968
22.49792903
7.671853161
4.452096774
11.12311858
18.02208774
0.052119213
183.1889419
6.974951613
244.331071
147.0972774
11.51767329
32.5299871
186.6318968
185.8008387
18.23305777
13.09415086
30.28613032
5.208359613
12.47774323
12.39463742
25.83403355
0.053187716
128.4578323
5.877954968
201.7096645
162.6499355
6.856783071
37.54008
206.6960129
206.9334581
37.24359014
31.27152774
29.82311226
26.30892387
1.360560774
19.49424774
11.99098065
28.41031355
0.050931987
224.9792903
5.217857419
195.4173677
138.3118065
41.30358581
30.72540387
184.02
182.0017161
34.92818323
23.3289871
14.1279871
5.308086581
19.49424774
11.68467639
0.053187716
200.2849935
5.480234323
210.1389677
155.0516903
44.05794968
29.38383871
186.0382839
183.4263871
33.00487742
26.30892387
15.43393548
6.621158323
24.77740258
2.889707613
0.050931987
213.9380903
5.343703355
219.399329
139.3803097
45.57759871
32.64870968
179.1523742
178.5587613
25.5372271
21.84495484
9.618903484
16.71613935
24.86050839
24.81301935
0.049863484
191.0246323
9.963198968
91.87940516
176.1843097
50.94385935
38.03871484
220.824
221.4176129
31.16467742
23.98196129
17.40473032
22.90158581
23.98196129
11.14092697
0.047607755
158.4946452
6.703076903
1.777277032
213.5819226
55.7996129
43.91548258
255.0161032
251.3357032
35.03503355
23.87511097
7.934230065
22.86596903
4.864064129
9.139264258
0.048676258
219.1618839
4.881872516
0.726582194
200.8786065
55.87084645
43.47620903
247.2991355
244.6872387
25.7628
25.21667613
15.81384774
24.59931871
14.27045419
11.88413032
0.050931987
174.5221935
2.617832903
0.356167742
209.3079097
55.00417161
45.43513161
255.0161032
252.1667613
32.57747613
28.37469677
6.63896671
27.35368258
2.056275097
2.952630581
0.048676258
173.3349677
5.805534194
0.30867871
217.6184903
61.30834065
44.71092387
257.9841677
253.9476
31.34276129
25.65594968
27.21121548
1.429419871
24.67055226
4.926987097
1.120741161
0.049863484
217.3810452
4.265702323
0.356167742
211.9198065
61.01153419
44.92462452
247.7740258
238.2762194
32.71994323
22.86596903
2.405319484
24.96735871
4.252642839
14.67411097
0.049863484
170.1294581
3.55574129
0.30867871
218.2121032
58.32840387
46.08810581
261.7832903
259.7650065
30.28613032
24.45685161
23.80387742
11.05069781
20.72896258
6.149829677
20.36092258
0.047607755
207.527071
6.276862839
136.1748
168.7047871
37.54008
36.99395613
211.5636387
207.527071
40.50814452
31.20029419
21.77372129
2.286596903
25.10982581
13.23756774
19.52986452
0.052119213
141.8734839
0.588864
170.723071
172.5039097
52.17857419
37.10080645
211.5636387
208.358129
34.75009935
29.41945548
5.353201161
10.86905226
3.998576516
14.81657806
0.050931987
221.7737806
6.648464516
197.0794839
158.8508129
7.081683213
34.16835871
193.2803613
191.8556903
0.071716354
0.202904805
32.35190323
27.10436516
5.208359613
13.78369161
8.894695742
18.87689032
0.049863484
173.0975226
0.630416903
174.1660258
177.7277032
39.34466323
213.5819226
210.7325806
1.387866968
2.422747959
32.42313677
31.01033806
9.094149677
10.61617316
21.26321419
16.28873806
0.049863484
157.0699742
5.171555613
192.2118581
159.0882581
38.33552129
206.3398452
203.1343355
1.213344774
24.01757806
24.35000129
29.56192258
10.59717755
7.626738581
2.223673935
28.25597419
0.049863484
210.9700258
3.238752
189.5999613
146.0287742
36.09166452
193.636529
192.805471
22.31984516
26.2733071
29.85872903
31.08157161
24.89612516
9.202187226
6.096404516
6.321977419
30.76102065
0.050931987
189.0063484
7.662355355
187.5816774
145.6726065
35.61677419
193.0429161
197.0794839
23.3289871
29.27698839
30.47608645
28.00665677
33.44415097
14.00926452
3.835926581
20.53900645
23.07966968
0.050931987
206.9334581
6.865726839
182.3578839
156.2389161
33.04049419
190.6684645
193.636529
22.17737806
7.747677316
0.081839432
28.87333161
29.45507226
25.14544258
15.77823097
22.24861161
19.85041548
0.048676258
200.5224387
3.81336929
203.1343355
147.0972774
30.51170323
184.3761677
184.9697806
22.71162968
30.14366323
24.31438452
15.46955226
12.60833806
6.259054452
5.914758968
0.049863484
192.805471
0.524753806
189.5999613
175.5906968
36.16289806
204.3215613
206.1024
21.84495484
27.72172258
26.87879226
2.93007329
5.371009548
16.39558839
12.13344774
0.053187716
214.5317032
2.418378968
173.3349677
171.9102968
38.33552129
203.1343355
199.6913806
24.86050839
30.47608645
33.76470194
24.77740258
4.728720387
2.450434065
33.37291742
21.59563742
0.050931987
168.3486194
1.886501806
208.1206839
164.6682194
35.93732516
196.485871
196.2484258
23.0440529
28.98018194
2.744866065
4.94598271
19.56548129
22.24861161
0.050931987
213.9380903
5.832840387
199.0977677
158.0197548
34.59576
189.2437935
184.02
22.56916258
26.19020129
10.32649006
2.061024
30.72540387
16.02754839
0.054374942
294.432
1.422296516
191.8556903
56.66628774
34.67886581
199.6913806
194.2301419
23.94634452
34.27520903
31.16467742
24.31438452
5.552655097
7.002257806
31.55646194
8.722548
0.050931987
184.3761677
5.805534194
197.9105419
167.2801161
35.58115742
197.0794839
193.0429161
23.73264387
27.35368258
23.29337032
2.017096645
24.86050839
16.60928903
5.407813548
0.048676258
149.8278968
2.653449677
193.8739742
184.6136129
38.26428774
211.5636387
209.9015226
25.00297548
35.93732516
28.83771484
34.31082581
12.77454968
24.59931871
4.891370323
22.71162968
0.052119213
165.4992774
1.387866968
193.636529
169.8920129
35.14188387
196.8420387
197.6730968
36.99395613
30.35736387
31.48522839
35.4743071
5.325894968
0.928410581
17.17915742
0.048676258
216.1938194
2.049151742
63.83713161
204.0841161
39.57023613
228.6596903
227.2350194
33.18296129
33.94278581
29.17013806
12.33527613
23.83949419
1.267957161
16.64490581
0.049863484
192.4493032
3.016740774
7.589934581
229.609471
45.94563871
257.9841677
251.3357032
34.4532929
28.55278065
0.973525161
24.05319484
9.003920516
26.41577419
0.050931987
188.4127355
1.901935742
223.1984516
44.27165032
262.2581806
260.5960645
36.34098194
24.81301935
15.76635871
23.91072774
12.7389329
35.28435097
0.049863484
208.1206839
0.325299871
204.677729
43.12004129
251.3357032
245.162129
38.40675484
30.6897871
7.998340258
16.57367226
1.646682194
39.71270323
0.048676258
204.9151742
0.262376903
231.6277548
30.35736387
255.6097161
244.6872387
29.24137161
25.7628
1.929241935
13.49875742
36.51906581
0.049863484
217.6184903
0.325299871
196.485871
77.82265161
243.5000129
232.2213677
31.92450194
29.92996258
19.16182452
1.584946452
10.01781135
39.99763742
0.048676258
161.7001548
0.262376903
236.4953806
55.48191128
264.0390194
254.5412129
0.065210356
29.45507226
29.13452129
2.004037161
1.874629548
33.33730065
0.050931987
223.7920645
143.7730452
175.3532516
204.3215613
196.485871
36.23017419
0.76836067
1.782342529
27.21121548
6.72088529
9.420636774
4.225336645
34.4532929
0.050931987
146.3849419
146.3849419
188.0565677
225.2167355
225.2167355
53.16124099
4.773834968
0.414460529
37.17204
24.01757806
22.86596903
2.08358129
5.877954968
17.60655871
0.052119213
261.1896774
187.2255097
155.6453032
183.4263871
180.8144903
19.2693476
2.477740258
0.892793806
0.336934684
13.66766008
33.94278581
33.30168387
5.235665806
1.004393032
13.66496903
11.64787239
0.049863484
200.0475484
196.2484258
169.5358452
195.0612
196.485871
4.220587742
47.32282065
0.539570385
0.00857177
6.132891923
39.48713032
32.35190323
29.52630581
12.02659742
1.037635355
20.32530581
17.17915742
0.050931987
153.0334065
165.7367226
182.595329
207.7645161
206.3398452
27.13998194
2.436187355
48.84246968
38.47798839
33.11172774
33.11172774
20.32530581
3.391904129
18.39012774
15.92069806
0.048676258
175.1158065
180.8144903
178.2025935
193.636529
188.6501806
23.83949419
1.032886452
44.49722323
35.50992387
34.38205935
5.932567355
2.481301935
2.920575484
3.686336129
0.048676258
142.7045419
214.1755355
187.5816774
207.2896258
202.3032774
24.96735871
1.444853806
47.39405419
37.89624774
30.00119613
29.96557935
7.617240774
1.238276516
4.619495613
14.78096129
0.048676258
234.4770968
180.5770452
173.3349677
189.2437935
181.4081032
23.25775355
3.419210323
40.50814452
32.6130929
31.48522839
30.39298065
5.343703355
9.238991226
18.28327742
21.45317032
0.052119213
199.6913806
204.0841161
162.0563226
180.5770452
181.4081032
23.66141032
1.354624645
47.23971484
33.76470194
32.6130929
28.1135071
14.43666581
18.11706581
1.153983484
7.100797548
0.050931987
170.1294581
177.1340903
183.4263871
202.6594452
197.6730968
25.9052671
5.959873548
50.29088516
33.47976774
33.62223484
35.54554065
5.018403484
9.474061935
2.405319484
0.049863484
180.3396
113.035769
186.6318968
217.9746581
205.7462323
24.96735871
5.163245032
52.02423484
31.01033806
28.55278065
27.75733935
6.231748258
1.784400387
12.19280903
0.049863484
200.5224387
195.0612
165.7367226
194.2301419
178.7962065
24.45685161
4.143418065
47.60775484
33.47976774
20.11160516
16.43120516
1.45791329
13.98552
0.048676258
257.628
204.3215613
150.7776774
169.5358452
151.8461806
20.87142968
2.071709032
40.36567742
39.99763742
40.79307871
0.918912774
24.77740258
11.48522245
9.909773806
0.050931987
184.02
189.0063484
166.9239484
189.5999613
179.9834323
23.80387742
2.934822194
49.12740387