266.78
269.96
296.16
295.93
280.61
296.98
299.95
42.37
289.62
80.01
167.98
204.61
269.93
127.85
128.09
56.42
266.73
297.98
293.13
278.40
290.05
299.95
71.93
294.39
88.67
156.94
75.65
269.13
119.66
121.44
107.62
25.35
56.12
273.16
267.47
299.20
298.42
287.42
297.19
299.95
148.15
288.32
66.95
134.74
64.14
263.55
100.90
103.16
152.25
41.73
272.97
269.93
277.50
292.33
295.55
288.88
281.98
299.95
116.81
293.03
55.67
152.90
73.48
267.47
113.37
114.20
118.77
64.91
269.71
294.79
287.52
287.61
274.17
299.95
171.54
294.12
98.29
137.35
49.14
262.46
93.30
93.07
206.76
268.73
270.18
273.69
298.64
280.51
288.01
271.59
299.95
75.02
294.78
104.58
161.69
258.70
269.27
115.98
118.00
265.07
276.67
285.87
294.69
280.51
288.32
299.95
99.72
294.52
89.86
144.95
255.94
270.62
113.96
116.57
267.00
273.69
284.57
293.38
275.22
297.11
299.95
86.06
294.66
80.60
160.62
254.42
267.35
120.85
121.44
274.46
278.16
290.38
283.28
275.14
275.19
299.95
108.98
290.04
208.12
123.82
249.06
261.96
79.18
78.58
268.84
276.02
282.60
277.10
276.02
288.86
299.95
141.51
293.30
298.22
86.42
244.20
256.08
44.98
48.66
264.96
276.12
292.07
277.13
295.14
290.86
299.95
80.84
295.12
299.27
99.12
244.13
256.52
52.70
55.31
274.24
274.78
284.19
275.40
285.73
288.12
299.95
125.48
297.38
299.64
90.69
245.00
254.56
44.98
47.83
267.42
271.63
293.36
272.65
297.94
297.05
299.95
126.67
294.19
299.69
82.38
238.69
255.29
42.02
46.05
268.66
274.34
272.79
298.57
275.33
295.07
298.88
299.95
82.62
295.73
299.64
88.08
238.99
255.08
52.23
61.72
267.28
277.13
297.59
275.03
295.75
285.33
299.95
129.87
296.44
299.69
81.79
241.67
253.91
38.22
40.23
269.71
275.54
276.20
288.95
279.27
293.85
279.64
299.95
92.47
293.72
163.83
131.30
262.46
263.01
88.44
92.47
259.49
268.80
278.23
297.71
274.89
286.76
280.47
299.95
158.13
299.41
129.28
127.50
247.82
262.90
88.44
91.64
265.25
270.58
294.65
289.13
296.00
285.18
299.95
78.23
293.35
102.92
141.15
51.92
265.83
106.72
108.14
12.93
57.80
267.65
272.90
294.79
286.22
291.11
281.12
299.95
126.90
299.37
125.83
122.27
260.66
86.42
89.27
298.61
65.58
267.58
268.99
290.91
289.38
278.74
283.71
299.95
142.93
294.83
107.79
140.91
261.66
93.66
96.87
298.79
275.98
275.65
270.44
289.40
292.37
297.78
271.74
299.95
89.03
296.76
110.40
153.97
263.91
106.36
107.19
277.68
273.73
270.14
268.92
275.10
290.80
293.90
293.68
269.24
299.95
110.99
292.34
112.42
154.33
264.38
106.96
102.92
276.67
270.72
269.52
271.99
266.56
285.99
296.16
279.46
276.92
299.95
93.07
293.13
117.64
143.76
266.96
109.33
106.36
277.82
125.25
9.92
271.13
270.54
274.85
284.22
277.75
280.15
299.95
99.48
296.19
96.87
152.90
269.49
115.62
115.03
277.29
269.86
275.69
284.53
287.39
293.74
294.09
299.95
107.19
299.48
110.40
124.41
263.84
95.68
93.90
278.16
272.28
273.12
297.07
294.63
283.60
287.87
299.95
85.47
297.58
126.67
128.09
261.66
96.87
100.31
275.14
269.52
266.24
275.22
295.27
297.55
266.63
278.40
299.95
131.65
298.11
91.88
135.33
264.06
103.51
103.75
276.96
271.02
297.26
295.05
280.43
277.75
299.95
86.06
294.17
100.90
141.98
265.40
110.76
115.98
277.43
273.81
289.67
297.94
269.27
283.97
299.95
5.57
298.58
108.14
243.33
265.32
100.31
105.77
276.05
265.72
268.84
275.69
294.45
293.00
268.44
291.28
299.95
115.62
294.19
102.09
132.72
264.42
102.92
106.96
276.27
272.65
276.71
297.98
275.14
283.39
294.59
299.95
150.17
297.35
106.13
115.39
261.74
88.44
90.10
275.00
264.06
271.16
265.69
287.23
275.40
295.11
277.29
299.95
134.50
298.61
106.36
130.11
264.86
103.16
102.33
263.01
269.64
268.51
264.53
294.67
299.07
282.82
299.95
83.81
297.95
236.16
95.92
260.43
71.34
72.76
266.82
266.06
270.83
287.66
276.16
298.73
283.36
299.95
107.55
296.98
292.41
70.39
254.05
42.02
48.66
265.55
271.45
299.03
275.95
291.00
273.58
299.95
111.59
298.10
76.80
255.73
37.74
39.40
263.66
275.19
284.23
276.09
287.26
264.72
299.95
91.88
299.67
95.32
256.88
48.66
54.84
261.59
269.31
292.00
283.43
298.35
260.29
299.95
95.08
299.74
68.37
269.64
44.39
55.31
270.76
274.24
298.07
286.50
263.48
299.95
82.38
299.67
103.51
222.18
56.50
67.78
268.08
270.07
280.84
298.42
289.98
260.00
299.95
138.30
299.74
63.50
191.52
35.96
45.46
13.93
270.54
270.87
298.00
298.13
266.66
299.95
76.21
156.23
124.65
95.68
103.51
213.77
50.23
12.22
272.79
293.28
290.58
295.77
265.55
299.95
153.62
153.62
111.94
74.78
74.78
243.84
295.23
2.59
262.83
275.98
277.13
297.92
294.12
282.39
299.95
38.81
112.77
144.35
116.57
119.19
119.73
297.52
5.11
11.66
78.33
266.06
266.70
294.76
299.00
286.34
288.35
299.95
99.95
103.75
130.46
104.94
103.51
295.78
252.68
22.46
18.99
99.87
260.51
267.65
270.47
287.97
298.96
279.67
282.82
299.95
146.97
134.26
117.40
92.24
93.66
272.86
297.56
251.16
261.52
266.89
266.89
279.67
296.61
281.61
284.08
299.95
124.88
119.19
121.80
106.36
111.35
276.16
298.97
255.50
264.49
265.62
294.07
297.52
297.08
296.31
299.95
157.30
85.82
112.42
92.71
97.70
275.03
298.56
252.61
262.10
270.00
270.03
292.38
298.76
295.38
285.22
299.95
65.52
119.42
126.67
110.76
118.59
276.74
296.58
259.49
267.39
268.51
269.61
294.66
290.76
281.72
278.55
299.95
100.31
95.92
137.94
119.42
118.59
276.34
298.65
252.76
266.24
267.39
271.89
285.56
281.88
298.85
292.90
299.95
129.87
122.87
116.57
97.34
102.33
274.09
294.04
249.71
266.52
266.38
264.45
294.98
290.53
297.59
299.95
119.66
186.96
113.37
82.03
94.25
275.03
294.84
247.98
268.99
271.45
272.24
293.77
298.22
287.81
299.95
99.48
104.94
134.26
105.77
121.20
275.54
295.86
252.39
266.52
279.89
283.57
298.54
286.01
299.95
42.37
95.68
149.22
130.46
148.15
279.13
297.93
259.63
260.00
259.21
299.08
275.22
288.51
290.09
299.95
115.98
110.99
133.08
110.40
120.02
276.20
297.07
250.87