5.073529412
5.073529412
5.073529412
5.073529412
50.73529412
50.73529412
50.73529412
50.73529412
50.73529412
50.73529412
50.73529412
50.73529412
2.535952941
6.339882353
5.073529412
5.073529412
5.073529412
5.073529412
2.535952941
5.073529412
5.073529412
6.339882353
5.073529412
5.073529412
5.073529412
6.339882353
5.073529412
5.073529412
5.073529412
5.073529412
25.36764706
25.36764706
5.073529412
50.73529412
50.73529412
50.73529412
50.73529412
5.073529412
25.36764706
25.36764706
50.73529412
50.73529412
5.073529412
50.73529412
50.73529412
50.73529412
50.73529412
5.073529412
50.73529412
50.73529412
20.29005882
20.29005882
50.73529412
50.73529412
78.66
78.66
5.073529412
50.73529412
50.73529412
50.73529412
50.73529412
50.73529412
50.73529412
5.073529412
6.339882353
78.66
78.66
5.073529412
6.339882353
6.339882353
5.073529412
5.073529412
5.073529412
15.21247059
6.339882353
5.073529412
5.073529412
5.073529412
5.073529412
15.21247059
6.339882353
50.73529412
50.73529412
50.73529412
50.73529412
5.073529412
5.073529412
50.73529412
50.73529412
50.73529412
50.73529412
50.73529412
50.73529412
50.73529412
50.73529412
50.73529412
50.73529412
50.73529412
50.73529412
5.073529412
5.073529412
13.99482353
13.99482353
5.073529412
50.73529412
50.73529412
50.73529412
50.73529412
50.73529412
50.73529412
50.73529412
50.73529412
50.73529412
50.73529412
50.73529412
50.73529412
50.73529412
50.73529412
50.73529412
50.73529412
50.73529412
50.73529412
50.73529412
50.73529412
50.73529412
50.73529412
50.73529412
50.73529412
5.073529412
5.073529412
6.339882353
6.339882353
5.073529412
6.339882353
5.073529412
6.339882353
5.073529412
5.073529412
5.073529412
5.073529412
5.073529412
5.073529412
5.073529412
6.339882353
5.073529412
50.73529412
50.73529412
50.73529412
50.73529412
50.73529412
50.73529412
5.073529412
50.73529412
50.73529412
50.73529412
50.73529412
50.73529412
50.73529412
5.073529412
6.339882353
5.073529412
12.68382353
5.073529412
5.073529412
5.073529412
5.073529412
6.339882353
5.073529412
5.073529412
12.68382353
12.68382353
76.38705882
5.073529412
5.073529412
5.073529412
50.73529412
50.73529412
50.73529412
50.73529412
50.73529412
50.73529412
50.73529412
50.73529412
50.73529412
50.73529412
50.73529412
50.73529412
50.73529412
50.73529412
50.73529412
50.73529412
16.62088235
25.36764706
5.073529412
5.073529412
25.36764706
6.339882353
5.073529412
6.339882353
25.36764706
25.36764706
25.36764706
25.36764706
25.36764706
25.36764706
25.36764706
25.36764706
5.073529412
13.99482353
16.62088235
25.36764706
25.36764706
25.36764706
25.36764706
25.36764706
25.36764706
25.36764706
25.36764706
25.36764706
13.99482353
25.36764706
25.36764706
25.36764706
25.36764706
25.36764706
25.36764706
25.36764706
25.36764706
25.36764706
5.073529412
50.73529412
5.073529412
5.073529412
5.073529412
5.073529412
5.073529412
25.36764706
25.36764706
25.36764706
25.36764706
10.143
10.143
5.073529412
5.073529412
6.339882353
5.073529412
5.073529412
5.073529412
34.23617647
25.36764706
25.36764706
25.36764706
25.36764706
101.6735294
27.89629412
50.73529412
25.36764706
25.36764706
25.36764706
50.73529412
5.073529412
25.36764706
25.36764706
25.36764706
25.36764706
5.073529412
5.073529412
5.073529412
101.6735294
12.68382353
5.073529412
6.339882353
3.802711765
5.073529412
6.339882353
6.339882353
6.339882353
3.802711765
5.073529412
12.68382353
12.68382353
12.68382353
5.073529412
27.89629412
5.073529412
101.6735294
50.73529412
101.6735294
50.73529412
5.073529412
5.073529412
5.073529412
5.073529412
5.073529412
5.073529412
5.073529412
101.6735294
50.73529412
5.073529412
50.73529412
101.6735294
5.073529412
5.073529412
5.073529412
5.073529412
5.073529412
5.073529412
5.073529412
27.89629412
101.6735294
50.73529412
50.73529412
50.73529412
50.73529412
101.6735294
5.073529412
6.339882353
6.339882353
6.339882353
6.339882353
6.339882353
6.339882353
5.073529412
5.073529412
5.073529412
6.339882353
5.073529412
5.073529412
5.073529412
5.073529412
7.606235294
5.073529412
5.073529412
5.073529412
5.073529412
5.073529412
5.073529412
5.073529412
5.073529412
5.073529412
5.073529412
5.073529412
5.073529412
7.606235294
5.073529412
5.073529412
5.073529412
5.073529412
5.073529412