0.1034
0.09045
0.0556
0.1031
0.07788
0.0946
0.07947
0.09534
0.08276
0.1111
0.1115
0.1051
0.08899
0.08838
0.07935
0.0708
0.08057
0.08813
0.1234
0.08276
0.078
0.09814
0.09705
0.08057
0.09265
0.09314
0.1079
0.06763
0.07703
0.08215
0.08704
0.0791
0.1123
0.09741
0.1034
0.09338
0.09375
0.1049
0.1091
0.09045
0.09241
0.07727
0.08203
0.09143
0.1145
0.08032
0.09314
0.08582
0.09473
0.09583
0.05695
0.08398
0.09351
0.08435
0.08875
0.08069
0.09094
0.08496
0.08057
0.09009
0.0863
0.1124
0.1074
0.1041
0.1034
0.0918
0.1019
0.1101

