27.9788235294
24.4747058824
15.0447058824
27.8976470588
21.0734117647
25.5976470588
21.5036470588
25.7978823529
22.3938823529
30.0623529412
30.1705882353
28.4388235294
24.0796470588
23.9145882353
21.4711764706
19.1576470588
21.8012941176
23.8469411765
33.3905882353
22.3938823529
21.1058823529
26.5555294118
26.2605882353
21.8012941176
25.07
25.2025882353
29.1964705882
18.2998823529
20.8434117647
22.2288235294
23.552
21.4035294118
30.3870588235
26.358
27.9788235294
25.2675294118
25.3676470588
28.3847058824
29.5211764706
24.4747058824
25.0050588235
20.9083529412
22.1963529412
24.7398823529
30.9823529412
21.7336470588
25.2025882353
23.2218823529
25.6328235294
25.9304705882
15.41
22.724
25.3027058824
22.8241176471
24.0147058824
21.8337647059
24.6072941176
22.9891764706
21.8012941176
24.3772941176
23.3517647059
30.4141176471
29.0611764706
28.1682352941
27.9788235294
24.84
27.5729411765
29.7917647059

