272.0211764706
275.5252941176
284.9552941176
272.1023529412
278.9265882353
274.4023529412
278.4963529412
274.2021176471
277.6061176471
269.9376470588
269.8294117647
271.5611764706
275.9203529412
276.0854117647
278.5288235294
280.8423529412
278.1987058824
276.1530588235
266.6094117647
277.6061176471
278.8941176471
273.4444705882
273.7394117647
278.1987058824
274.93
274.7974117647
270.8035294118
281.7001176471
279.1565882353
277.7711764706
276.448
278.5964705882
269.6129411765
273.642
272.0211764706
274.7324705882
274.6323529412
271.6152941176
270.4788235294
275.5252941176
274.9949411765
279.0916470588
277.8036470588
275.2601176471
269.0176470588
278.2663529412
274.7974117647
276.7781176471
274.3671764706
274.0695294118
284.59
277.276
274.6972941176
277.1758823529
275.9852941176
278.1662352941
275.3927058824
277.0108235294
278.1987058824
275.6227058824
276.6482352941
269.5858823529
270.9388235294
271.8317647059
272.0211764706
275.16
272.4270588235
270.2082352941

