6336594489
, 0, 301.067718
6336594489
, 1, 301.071663
6336594489
, 2, 301.105537
6336594489
, 3, 301.064126
6360165935
, 0, 304.168734
6360165967
, 1, 304.010394
6360165967
, 2, 304.330275
6360165967
, 0, 304.510926
6360165935
, 1, 304.104347
6360165967
, 3, 304.100772
6360165967
, 4, 304.102833
6360165967
, 5, 304.407133
6360179470
, 0, 300.852676
515042969
, 0, 301.104768
6336594489
, 4, 301.027066
6336594489
, 5, 301.022143
6336594489
, 6, 301.184025
6336594489
, 7, 300.897640
6360179470
, 1, 300.887287
6336594489
, 8, 300.869700
6336594489
, 9, 300.940579
515042969
, 1, 300.918780
6336594489
, 10, 300.855969
6336594489
, 11, 300.849284
6336594489
, 12, 300.817023
515042969
, 2, 300.805095
6336594489
, 13, 300.788491
6336594489
, 14, 300.742672
6336594489
, 15, 300.831113
6336594489
, 16, 301.037199
6360343512
, 0, 302.325349
6360343512
, 1, 302.582022
6336594489
, 17, 301.496896
6360367921
, 0, 306.309910
6360367786
, 0, 306.885336
6360367921
, 1, 306.868584
6360367786
, 1, 306.947232
