0
0.0007722504
0.0015445007
0.0023167511
0.0030890014
0.0038612518
0.0046335021
0.0054057525
101.2275205429
101.2282927933
101.2290650436
101.229837294
101.2306095444
101.2313817947
101.2405629934
101.2427081333
101.2434803836
197.1345793545
197.1352657993
197.1361238552
197.1368961056
197.1414438021
197.1428166916
197.143588942
197.1443611924
197.1451334427
197.1459056931
197.1466779434
197.1474501938
197.1482224441
197.1489946945
197.1497669449
270.7554367498
270.7561231945
270.7568954449
270.7576676952
310.7584399456
310.759212196
310.7599844463
310.7607566967
310.761528947
352.95333565
352.9541078785
352.9548801289
352.9556523792
352.9564246296
429.3945371296
429.3953093799
429.3960816303
429.3968538807
429.397626131
429.3983983814
429.3991706317
429.3999428821
429.4007151324
523.5301394298
523.5309116802
523.5316839305
599.9933929692
599.9939078027
599.9945942475
599.9953664979
599.9961387482
599.9969109986
599.9976832489
599.9984554993
599.9992277496
600

