0.0125
0.0125
0.0125
0.0125
0.125
0.125
0.125
0.125
0.125
0.125
0.125
0.125
0.006248
0.01562
0.0125
0.0125
0.0125
0.0125
0.006248
0.0125
0.0125
0.01562
0.0125
0.0125
0.0125
0.01562
0.0125
0.0125
0.0125
0.0125
0.0625
0.0625
0.0125
0.125
0.125
0.125
0.125
0.0125
0.0625
0.0625
0.125
0.125
0.0125
0.125
0.125
0.125
0.125
0.0125
0.125
0.125
0.04999
0.04999
0.125
0.125
0.1938
0.1938
0.0125
0.125
0.125
0.125
0.125
0.125
0.125
0.0125
0.01562
0.1938
0.1938
0.0125
0.01562
0.01562
0.0125
0.0125
0.0125
0.03748
0.01562
0.0125
0.0125
0.0125
0.0125
0.03748
0.01562
0.125
0.125
0.125
0.125
0.0125
0.0125
0.125
0.125
0.125
0.125
0.125
0.125
0.125
0.125
0.125
0.125
0.125
0.125
0.0125
0.0125
0.03448
0.03448
0.0125
0.125
0.125
0.125
0.125
0.125
0.125
0.125
0.125
0.125
0.125
0.125
0.125
0.125
0.125
0.125
0.125
0.125
0.125
0.125
0.125
0.125
0.125
0.125
0.125
0.0125
0.0125
0.01562
0.01562
0.0125
0.01562
0.0125
0.01562
0.0125
0.0125
0.0125
0.0125
0.0125
0.0125
0.0125
0.01562
0.0125
0.125
0.125
0.125
0.125
0.125
0.125
0.0125
0.125
0.125
0.125
0.125
0.125
0.125
0.0125
0.01562
0.0125
0.03125
0.0125
0.0125
0.0125
0.0125
0.01562
0.0125
0.0125
0.03125
0.03125
0.1882
0.0125
0.0125
0.0125
0.125
0.125
0.125
0.125
0.125
0.125
0.125
0.125
0.125
0.125
0.125
0.125
0.125
0.125
0.125
0.125
0.04095
0.0625
0.0125
0.0125
0.0625
0.01562
0.0125
0.01562
0.0625
0.0625
0.0625
0.0625
0.0625
0.0625
0.0625
0.0625
0.0125
0.03448
0.04095
0.0625
0.0625
0.0625
0.0625
0.0625
0.0625
0.0625
0.0625
0.0625
0.03448
0.0625
0.0625
0.0625
0.0625
0.0625
0.0625
0.0625
0.0625
0.0625
0.0125
0.125
0.0125
0.0125
0.0125
0.0125
0.0125
0.0625
0.0625
0.0625
0.0625
0.02499
0.02499
0.0125
0.0125
0.01562
0.0125
0.0125
0.0125
0.08435
0.0625
0.0625
0.0625
0.0625
0.2505
0.06873
0.125
0.0625
0.0625
0.0625
0.125
0.0125
0.0625
0.0625
0.0625
0.0625
0.0125
0.0125
0.0125
0.2505
0.03125
0.0125
0.01562
0.009369
0.0125
0.01562
0.01562
0.01562
0.009369
0.0125
0.03125
0.03125
0.03125
0.0125
0.06873
0.0125
0.2505
0.125
0.2505
0.125
0.0125
0.0125
0.0125
0.0125
0.0125
0.0125
0.0125
0.2505
0.125
0.0125
0.125
0.2505
0.0125
0.0125
0.0125
0.0125
0.0125
0.0125
0.0125
0.06873
0.2505
0.125
0.125
0.125
0.125
0.2505
0.0125
0.01562
0.01562
0.01562
0.01562
0.01562
0.01562
0.0125
0.0125
0.0125
0.01562
0.0125
0.0125
0.0125
0.0125
0.01874
0.0125
0.0125
0.0125
0.0125
0.0125
0.0125
0.0125
0.0125
0.0125
0.0125
0.0125
0.0125
0.01874
0.0125
0.0125
0.0125
0.0125
0.0125