6336594489
6336594489
6336594489
6336594489
6360165935
6360165967
6360165967
6360165967
6360165935
6360165967
6360165967
6360165967
6360179470
515042969
6336594489
6336594489
6336594489
6336594489
6360179470
6336594489
6336594489
515042969
6336594489
6336594489
6336594489
515042969
6336594489
6336594489
6336594489
6336594489
6360343512
6360343512
6336594489
6360367921
6360367786
6360367921
6360367786
6336594489
6360343512
6360343512
6353820544
6353820544
6336594489
6353820544
6353820544
6353820544
6353820544
6336594489
6353820544
6353820544
6360508703
6360508703
6353820544
6353820544
6360541319
6360541319
6336594489
6360551756
6360551552
6360551552
6360551552
6360551552
6360551756
6336594489
515042969
6360541319
6360541319
6336594489
515042969
515042969
6336594489
6336594489
6336594489
6360734949
515042969
6336594489
6336594489
6336594489
6336594489
6360734949
515042969
6360837729
6360837805
6360837729
6360837805
6336594489
6336594489
6353820544
6353820544
6353820544
6353820544
6353820544
6353820544
6353820544
6353820544
6353820544
6353820544
6353820544
6353820544
6336594489
6336594489
6360965938
6360965938
6336594489
6361048123
6361048123
6361048123
6361048123
6361048123
6361048123
6361048123
6361048123
6361048123
6361048123
6361048123
6361048123
6361048341
6361048341
6361048341
6361048341
6361048341
6361048341
6361048341
6361048341
6361048341
6361048341
6361048341
6361048341
6336594489
6336594489
515042969
515042969
6336594489
515042969
6336594489
515042969
6336594489
6336594489
6336594489
6336594489
6336594489
6336594489
6336594489
515042969
6336594489
6361205461
6361205374
6361205374
6361205374
6361205374
6361205374
6336594489
6361205461
6361205374
6361205374
6361205374
6361205374
6361205374
6336594489
515042969
6336594489
6361149962
6336594489
6336594489
6336594489
6336594489
515042969
6336594489
6336594489
6361149962
6361149962
5544435560
6336594489
6336594489
6336594489
6361376407
6361376407
6361376407
6361376407
6361376407
6361376407
6361376407
6361376407
6361376375
6361376407
6361376407
6361376407
6361376407
6361376407
6361376375
6361376407
6361398044
6361398377
6336594489
6336594489
6361398377
515042969
6336594489
515042969
6361377269
6361377269
6361377269
6361377269
6361377269
6361377269
6361377269
6361377269
6336594489
6360965938
6361398044
4392480606
6361377269
6361377269
6361377269
6361377269
6361377269
6361377269
6361377269
6361377269
6360965938
6361377789
6361378245
6361378245
6361378245
6361378507
6361378507
6361378507
6361378507
4392480606
6336594489
6361378856
6336594489
6336594489
6336594489
6336594489
6336594489
6361377789
6361378245
6361378245
6361378245
6362005475
6362005475
6336594489
6336594489
515042969
6336594489
6336594489
6336594489
4665617026
6362109662
6362109662
6362109662
6362109662
6356351452
6361205886
6362148184
6312699084
6312699084
6312699084
6362148184
6336594489
6362109662
6362109662
6362109662
6362109662
6336594489
6336594489
6336594489
6362190579
6362224120
6336594489
515042969
6362255757
6336594489
515042969
515042969
515042969
6362255757
6336594489
6362310720
6362310720
6362224120
6336594489
6362341853
6336594489
6362190579
6362354444
6362190579
6362354444
6336594489
6336594489
6336594489
6336594489
6336594489
6336594489
6336594489
6362190579
6362522205
6336594489
6362522205
6362190579
6336594489
6336594489
6336594489
6336594489
6336594489
6336594489
6336594489
6362341853
6362190579
6362712972
6362712972
6362712972
6362712972
6362190579
6336594489
515042969
515042969
515042969
515042969
515042969
515042969
6336594489
6336594489
6336594489
515042969
6336594489
6336594489
6336594489
6336594489
6362826134
6336594489
6336594489
6336594489
6336594489
6336594489
6336594489
6336594489
6336594489
6336594489
6111537791
6111537791
6336594489
6362826134
6336594489
6336594489
6336594489
6336594489
6336594489