294.9264706
294.9264706
294.9264706
294.9264706
249.2647059
249.2647059
249.2647059
249.2647059
249.2647059
249.2647059
249.2647059
249.2647059
297.4640471
293.6601176
294.9264706
294.9264706
294.9264706
294.9264706
297.4640471
294.9264706
294.9264706
293.6601176
294.9264706
294.9264706
294.9264706
293.6601176
294.9264706
294.9264706
294.9264706
294.9264706
274.6323529
274.6323529
294.9264706
249.2647059
249.2647059
249.2647059
249.2647059
294.9264706
274.6323529
274.6323529
249.2647059
249.2647059
294.9264706
249.2647059
249.2647059
249.2647059
249.2647059
294.9264706
249.2647059
249.2647059
279.7099412
279.7099412
249.2647059
249.2647059
221.34
221.34
294.9264706
249.2647059
249.2647059
249.2647059
249.2647059
249.2647059
249.2647059
294.9264706
293.6601176
221.34
221.34
294.9264706
293.6601176
293.6601176
294.9264706
294.9264706
294.9264706
284.7875294
293.6601176
294.9264706
294.9264706
294.9264706
294.9264706
284.7875294
293.6601176
249.2647059
249.2647059
249.2647059
249.2647059
294.9264706
294.9264706
249.2647059
249.2647059
249.2647059
249.2647059
249.2647059
249.2647059
249.2647059
249.2647059
249.2647059
249.2647059
249.2647059
249.2647059
294.9264706
294.9264706
286.0051765
286.0051765
294.9264706
249.2647059
249.2647059
249.2647059
249.2647059
249.2647059
249.2647059
249.2647059
249.2647059
249.2647059
249.2647059
249.2647059
249.2647059
249.2647059
249.2647059
249.2647059
249.2647059
249.2647059
249.2647059
249.2647059
249.2647059
249.2647059
249.2647059
249.2647059
249.2647059
294.9264706
294.9264706
293.6601176
293.6601176
294.9264706
293.6601176
294.9264706
293.6601176
294.9264706
294.9264706
294.9264706
294.9264706
294.9264706
294.9264706
294.9264706
293.6601176
294.9264706
249.2647059
249.2647059
249.2647059
249.2647059
249.2647059
249.2647059
294.9264706
249.2647059
249.2647059
249.2647059
249.2647059
249.2647059
249.2647059
294.9264706
293.6601176
294.9264706
287.3161765
294.9264706
294.9264706
294.9264706
294.9264706
293.6601176
294.9264706
294.9264706
287.3161765
287.3161765
223.6129412
294.9264706
294.9264706
294.9264706
249.2647059
249.2647059
249.2647059
249.2647059
249.2647059
249.2647059
249.2647059
249.2647059
249.2647059
249.2647059
249.2647059
249.2647059
249.2647059
249.2647059
249.2647059
249.2647059
283.3791176
274.6323529
294.9264706
294.9264706
274.6323529
293.6601176
294.9264706
293.6601176
274.6323529
274.6323529
274.6323529
274.6323529
274.6323529
274.6323529
274.6323529
274.6323529
294.9264706
286.0051765
283.3791176
274.6323529
274.6323529
274.6323529
274.6323529
274.6323529
274.6323529
274.6323529
274.6323529
274.6323529
286.0051765
274.6323529
274.6323529
274.6323529
274.6323529
274.6323529
274.6323529
274.6323529
274.6323529
274.6323529
294.9264706
249.2647059
294.9264706
294.9264706
294.9264706
294.9264706
294.9264706
274.6323529
274.6323529
274.6323529
274.6323529
289.857
289.857
294.9264706
294.9264706
293.6601176
294.9264706
294.9264706
294.9264706
265.7638235
274.6323529
274.6323529
274.6323529
274.6323529
198.3264706
272.1037059
249.2647059
274.6323529
274.6323529
274.6323529
249.2647059
294.9264706
274.6323529
274.6323529
274.6323529
274.6323529
294.9264706
294.9264706
294.9264706
198.3264706
287.3161765
294.9264706
293.6601176
296.1972882
294.9264706
293.6601176
293.6601176
293.6601176
296.1972882
294.9264706
287.3161765
287.3161765
287.3161765
294.9264706
272.1037059
294.9264706
198.3264706
249.2647059
198.3264706
249.2647059
294.9264706
294.9264706
294.9264706
294.9264706
294.9264706
294.9264706
294.9264706
198.3264706
249.2647059
294.9264706
249.2647059
198.3264706
294.9264706
294.9264706
294.9264706
294.9264706
294.9264706
294.9264706
294.9264706
272.1037059
198.3264706
249.2647059
249.2647059
249.2647059
249.2647059
198.3264706
294.9264706
293.6601176
293.6601176
293.6601176
293.6601176
293.6601176
293.6601176
294.9264706
294.9264706
294.9264706
293.6601176
294.9264706
294.9264706
294.9264706
294.9264706
292.3937647
294.9264706
294.9264706
294.9264706
294.9264706
294.9264706
294.9264706
294.9264706
294.9264706
294.9264706
294.9264706
294.9264706
294.9264706
292.3937647
294.9264706
294.9264706
294.9264706
294.9264706
294.9264706