0
134.382027
158.554122
405.408234
473.104032
487.762142
487.762324
487.76234
496.677101
538.428458
538.428463
538.428468
732.506474
876.958412
1299.249446
1330.264361
1357.015254
1442.981439
1458.068909
1800.328902
1825.483781
1849.748541
1967.438742
2146.175805
2235.142414
2533.192001
2648.760844
3125.834362
3242.44207
3628.374423
3928.70579
3928.709228
3980.77443
4072.355732
4085.060117
4101.809268
4122.195562
4476.396228
4617.859638
4617.859803
4953.911523
5014.35337
5072.385532
5863.093137
5887.753758
6069.926752
6091.039184
6155.210757
6550.121705
6571.030312
7035.092757
7175.552968
7444.646723
7474.243088
7550.529398
7550.531269
7669.415894
7675.552125
7686.720897
7686.721088
7708.109961
7708.109966
7720.624772
7989.424448
8492.222911
8505.147715
8556.067664
8721.355532
8909.922063
8914.864839
9036.528518
9056.982369
9512.256633
10205.14688
10264.89088
10559.21782
10869.15526
10882.77353
10892.06012
10997.82709
11267.97879
11273.05189
11281.86513
11301.90392
11321.45051
12420.80716
12719.8348
13298.04984
13324.03829
13349.73544
13372.22346
13398.98726
13415.49424
13478.84217
13507.69902
13590.71404
13613.3695
13790.40294
13818.6032
14067.38604
14250.44853
14256.50497
14256.53771
14839.33711
14877.25877
14877.25877
14877.25877
14877.25877
14877.25877
14877.25877
14917.25877
14917.25877
14917.25877
14917.25877
14917.25877
14917.25877
14917.25877
14917.25877
14917.25877
14917.25877
14917.25877
14917.25877
14957.25877
14957.25877
14957.25877
14957.25877
14957.25877
14957.25877
15077.25877
15307.25877
15687.25877
15877.25877
15887.25877
15897.25877
15997.25877
16347.25877
16667.25877
16687.25877
16907.25877
17137.25877
17687.25877
17837.25877
17997.25877
18127.25877
18307.25877
18477.25877
18487.25877
18487.25877
18487.25877
18487.25877
18487.25877
18517.25877
18517.25877
18537.25877
18537.25877
18537.25877
18537.25877
18537.25877
18697.25877
18857.25877
19517.25877
19627.25877
19827.25877
20015.11071
20108.64095
20133.61687
20406.15573
20523.05004
20665.05244
20763.65368
20851.42368
21372.0868
21555.74168
21837.3684
21943.91679
22073.93521
22073.9354
22073.93541
22073.93542
22096.93617
22096.93617
22096.93618
22096.93619
22096.93619
22098.71009
22098.7101
22116.07215
22118.41627
22118.41627
22118.41628
22149.9448
22466.61797
22466.62082
22509.63563
22617.42786
22903.08902
22929.86138
23138.59458
23194.82232
23255.03104
23255.03152
23255.03155
23255.03157
23255.03158
23255.03159
23255.0316
23255.03161
23389.25385
23700.43579
23700.4358
23702.778
24063.26659
24063.26659
24063.2666
24063.2666
24063.26661
24063.26662
24063.26662
24063.26663
24086.12094
24406.40109
24406.40242
24406.403
24406.40304
24406.40373
24406.40386
24406.40392
24406.40394
24408.54346
24437.304
24437.30401
24445.50184
24466.69277
30047.96301
30056.42663
30699.32812
30738.67458
30861.69735
30861.69736
30861.69736
31262.5093
31402.42986
31514.69794
31605.19399
31677.20166
31765.27924
31884.69791
32527.65017
32576.2601
32713.75018
32713.78178
32713.79226
32713.81906
32912.15472
32912.15473
32912.15474
32912.1548
32912.1548
32913.36227
32950.09109
33063.63627
33174.32579
33209.4082
33224.44706
33238.80146
33340.01075
33432.35188
33585.10098
33755.37699
34537.51452
34665.5058
34836.89252
34846.69839
34893.15267
34934.52341
35224.86085
35446.90687
35537.17632
35564.07397
36032.51087
36111.33428
36252.2031
36266.16485
36421.59727
36499.01161
36514.12399
36514.124
36515.04256
36535.44614
37387.6824
38084.98413
38096.86063
38322.78271
39455.2874
39648.39242
39918.6825
40124.86651
40124.86652
40139.0378
40139.03781
40141.02266
41278.44302
41477.50719
41518.28339
42566.27992
42839.89099
43337.7588
43503.52806
43624.93104
43716.35995
43716.35996
43716.35996
43747.83719
43747.83719
43749.803
43772.51622
44137.42787
44180.21167
44199.29958
44249.4968
44262.86248
44325.82652
44388.83959
44504.36002
44665.97306
44751.19188
44812.04777
45329.03212
45374.52298
45599.05025
45753.401
45952.5018
46214.73839
46332.01165
46632.74491
47202.14374
47431.61185
47778.7051
48037.59926
48073.90085
48366.47314
48426.56157
48500.49803
48598.26297
48772.09457
49257.77892
49294.68311
49412.77404
49901.98523