0
1
2
3
0
0
1
2
1
3
4
5
0
0
4
5
6
7
1
8
9
1
10
11
12
2
13
14
15
16
0
1
17
0
0
1
1
18
2
3
0
1
19
2
3
4
5
20
6
7
0
1
8
9
0
1
21
0
0
1
2
3
1
22
3
2
3
23
4
5
24
25
26
0
6
27
28
29
30
1
7
0
0
1
1
31
32
10
11
12
13
14
15
16
17
18
19
20
21
33
34
0
1
35
0
1
2
3
4
5
6
7
8
9
10
11
0
1
2
3
4
5
6
7
8
9
10
11
36
37
8
9
38
10
39
11
40
41
42
43
44
45
46
12
47
0
0
1
2
3
4
48
1
5
6
7
8
9
49
13
50
0
51
52
53
54
14
55
56
1
2
0
57
58
59
0
1
2
3
4
5
6
7
0
8
9
10
11
12
1
13
0
0
60
61
1
15
62
16
0
1
2
3
4
5
6
7
63
2
1
0
8
9
10
11
12
13
14
15
3
16
0
1
2
0
1
2
3
1
64
0
65
66
67
68
69
17
3
4
5
0
1
70
71
17
72
73
74
0
0
1
2
3
0
0
0
0
1
2
1
75
4
5
6
7
76
77
78
0
0
79
18
0
80
19
20
21
1
81
0
1
1
82
0
83
1
0
2
1
84
85
86
87
88
89
90
3
0
91
1
4
92
93
94
95
96
97
98
1
5
0
1
2
3
6
99
22
23
24
25
26
27
100
101
102
28
103
104
105
106
0
107
108
109
110
111
112
113
114
115
0
1
116
1
117
118
119
120
121