0.02798
0.0253
0.003231
0.003426
0.01633
0.002544
0.0000429
0.217
0.008743
0.1853
0.1112
0.03174
0.02533
0.145
0.1448
0.03668
0.02802
0.001705
0.005783
0.01819
0.008377
0.0000429
0.1921
0.004723
0.178
0.1205
0.02512
0.026
0.1519
0.1504
0.02979
0.03918
0.0311
0.02261
0.0274
0.00067
0.001331
0.0106
0.002369
0.000042
0.1279
0.009842
0.1963
0.1392
0.03067
0.0307
0.1677
0.1658
0.03656
0.03748
0.02277
0.02533
0.01895
0.006462
0.00375
0.009369
0.01518
0.0000439
0.1543
0.005875
0.2058
0.1239
0.03424
0.0274
0.1572
0.1565
0.03363
0.04242
0.02551
0.004387
0.01051
0.01044
0.02176
0.0000448
0.1082
0.004951
0.1699
0.137
0.03094
0.03162
0.1741
0.1743
0.03857
0.02634
0.02512
0.02216
0.001146
0.01642
0.0101
0.02393
0.0000429
0.1895
0.004395
0.1646
0.1165
0.03479
0.02588
0.155
0.1533
0.02942
0.01965
0.0119
0.004471
0.01642
0.009842
0.0000448
0.1687
0.004616
0.177
0.1306
0.03711
0.02475
0.1567
0.1545
0.0278
0.02216
0.013
0.005577
0.02087
0.002434
0.0000429
0.1802
0.004501
0.1848
0.1174
0.03839
0.0275
0.1509
0.1504
0.02151
0.0184
0.008102
0.01408
0.02094
0.0209
0.000042
0.1609
0.008392
0.07739
0.1484
0.04291
0.03204
0.186
0.1865
0.02625
0.0202
0.01466
0.01929
0.0202
0.009384
0.0000401
0.1335
0.005646
0.001497
0.1799
0.047
0.03699
0.2148
0.2117
0.02951
0.02011
0.006683
0.01926
0.004097
0.007698
0.000041
0.1846
0.004112
0.000612
0.1692
0.04706
0.03662
0.2083
0.2061
0.0217
0.02124
0.01332
0.02072
0.01202
0.01001
0.0000429
0.147
0.002205
0.0003
0.1763
0.04633
0.03827
0.2148
0.2124
0.02744
0.0239
0.005592
0.02304
0.001732
0.002487
0.000041
0.146
0.00489
0.00026
0.1833
0.05164
0.03766
0.2173
0.2139
0.0264
0.02161
0.02292
0.001204
0.02078
0.00415
0.000944
0.000042
0.1831
0.003593
0.0003
0.1785
0.05139
0.03784
0.2087
0.2007
0.02756
0.01926
0.002026
0.02103
0.003582
0.01236
0.000042
0.1433
0.002995
0.00026
0.1838
0.04913
0.03882
0.2205
0.2188
0.02551
0.0206
0.02005
0.009308
0.01746
0.00518
0.01715
0.0000401
0.1748
0.005287
0.1147
0.1421
0.03162
0.03116
0.1782
0.1748
0.03412
0.02628
0.01834
0.001926
0.02115
0.01115
0.01645
0.0000439
0.1195
0.000496
0.1438
0.1453
0.04395
0.03125
0.1782
0.1755
0.02927
0.02478
0.004509
0.009155
0.003368
0.01248
0.0000429
0.1868
0.0056
0.166
0.1338
0.03033
0.02878
0.1628
0.1616
0.001394
0.000884
0.02725
0.02283
0.004387
0.01161
0.007492
0.0159
0.000042
0.1458
0.000531
0.1467
0.1497
0.03314
0.1799
0.1775
0.001169
0.009003
0.02731
0.02612
0.00766
0.008942
0.01791
0.01372
0.000042
0.1323
0.004356
0.1619
0.134
0.03229
0.1738
0.1711
0.001022
0.02023
0.02051
0.0249
0.008926
0.006424
0.001873
0.0238
0.000042
0.1777
0.002728
0.1597
0.123
0.0304
0.1631
0.1624
0.0188
0.02213
0.02515
0.02618
0.02097
0.007751
0.005135
0.005325
0.02591
0.0000429
0.1592
0.006454
0.158
0.1227
0.03
0.1626
0.166
0.01965
0.02466
0.02567