8.394
7.59
0.9693
1.0278
4.899
0.7632
0.01287
65.1
2.6229
55.59
33.36
7.42716
7.599
43.5
43.44
2.42088
8.406
0.5115
1.7349
5.457
2.5131
0.01287
57.63
1.4169
53.4
36.15
2.11008
7.8
45.57
45.12
3.63438
1.1754
1.9904
6.783
8.22
0.201
0.3993
3.18
0.7107
0.0126
38.37
2.9526
58.89
41.76
2.23891
9.21
50.31
49.74
6.50768
1.83652
6.831
7.599
5.685
1.9386
1.125
2.8107
4.554
0.01317
46.29
1.7625
61.74
37.17
2.9104
8.22
47.16
46.95
4.60731
3.30876
7.653
1.3161
3.153
3.132
6.528
0.01344
32.46
1.4853
50.97
41.1
1.73264
9.486
52.23
52.29
9.41108
7.902
7.536
6.648
0.3438
4.926
3.03
7.179
0.01287
56.85
1.3185
49.38
34.95
10.437
7.764
46.5
45.99
8.826
5.895
3.57
1.3413
4.926
2.9526
0.01344
50.61
1.3848
53.1
39.18
11.133
7.425
47.01
46.35
8.34
6.648
3.9
1.6731
6.261
0.7302
0.01287
54.06
1.3503
55.44
35.22
11.517
8.25
45.27
45.12
6.453
5.52
2.4306
4.224
6.282
6.27
0.0126
48.27
2.5176
23.217
44.52
12.873
9.612
55.8
55.95
7.875
6.06
4.398
5.787
6.06
2.8152
0.01203
40.05
1.6938
0.4491
53.97
14.1
11.097
64.44
63.51
8.853
6.033
2.0049
5.778
1.2291
2.3094
0.0123
55.38
1.2336
0.1836
50.76
14.118
10.986
62.49
61.83
6.51
6.372
3.996
6.216
3.606
3.003
0.01287
44.1
0.6615
0.09
52.89
13.899
11.481
64.44
63.72
8.232
7.17
1.6776
6.912
0.5196
0.7461
0.0123
43.8
1.467
0.078
54.99
15.492
11.298
65.19
64.17
7.92
6.483
6.876
0.3612
6.234
1.245
0.2832
0.0126
54.93
1.0779
0.09
53.55
15.417
11.352
62.61
60.21
8.268
5.778
0.6078
6.309
1.0746
3.708
0.0126
42.99
0.8985
0.078
55.14
14.739
11.646
66.15
65.64
7.653
6.18
6.015
2.7924
5.238
1.554
5.145
0.01203
52.44
1.5861
34.41
42.63
9.486
9.348
53.46
52.44
10.236
7.884
5.502
0.5778
6.345
3.345
4.935
0.01317
35.85
0.1488
43.14
43.59
13.185
9.375
53.46
52.65
8.781
7.434
1.3527
2.7465
1.0104
3.744
0.01287
56.04
1.68
49.8
40.14
1.78947
8.634
48.84
48.48
0.018122
0.051272
8.175
6.849
1.3161
3.483
2.2476
4.77
0.0126
43.74
0.1593
44.01
44.91
9.942
53.97
53.25
0.3507
0.612204
8.193
7.836
2.298
2.6826
5.373
4.116
0.0126
39.69
1.3068
48.57
40.2
9.687
52.14
51.33
0.3066
6.069
6.153
7.47
2.6778
1.9272
0.5619
7.14
0.0126
53.31
0.8184
47.91
36.9
9.12
48.93
48.72
5.64
6.639
7.545
7.854
6.291
2.3253
1.5405
1.5975
7.773
0.01287
47.76
1.9362
47.4
36.81
9
48.78
49.8
5.895
7.398
7.701
