291.61
292.41
299.03
298.97
295.10
299.24
299.99
234.90
297.38
244.41
266.64
226.57
292.40
256.50
256.56
63.58
291.59
299.49
298.27
294.54
297.49
299.99
242.37
298.58
246.60
263.85
81.89
292.20
254.43
254.88
118.37
28.82
62.01
293.22
291.78
299.80
299.60
296.82
299.29
299.99
261.63
297.05
241.11
258.24
70.76
290.79
249.69
250.26
171.49
47.16
293.17
292.40
294.32
298.06
298.88
297.19
295.45
299.99
253.71
298.24
238.26
262.83
82.09
291.78
252.84
253.05
132.39
74.69
292.35
298.68
296.85
296.87
293.47
299.99
267.54
298.51
249.03
258.90
54.27
290.51
247.77
247.71
234.59
292.10
292.46
293.35
299.66
295.07
296.97
292.82
299.99
243.15
298.68
250.62
265.05
289.56
292.24
253.50
254.01
291.17
294.11
296.43
298.66
295.07
297.05
299.99
249.39
298.62
246.90
260.82
288.87
292.58
252.99
253.65
291.66
293.35
296.10
298.33
293.74
299.27
299.99
245.94
298.65
244.56
264.78
288.48
291.75
254.73
254.88
293.55
294.48
297.57
295.78
293.72
293.73
299.99
251.73
297.48
276.78
255.48
287.13
290.39
244.20
244.05
292.13
293.94
295.60
294.21
293.94
297.18
299.99
259.95
298.31
299.55
246.03
285.90
288.90
235.56
236.49
291.15
293.97
298.00
294.22
298.77
297.69
299.99
244.62
298.77
299.82
249.24
285.88
289.01
237.51
238.17
293.49
293.63
296.00
293.78
296.39
297.00
299.99
255.90
299.34
299.91
247.11
286.10
288.52
235.56
236.28
291.77
292.83
298.32
293.09
299.48
299.25
299.99
256.20
298.53
299.92
245.01
284.51
288.70
234.81
235.83
292.08
293.52
293.12
299.64
293.77
298.76
299.72
299.99
245.07
298.92
299.91
246.45
284.58
288.65
237.39
239.79
291.73
294.22
299.39
293.69
298.93
296.29
299.99
257.01
299.10
299.92
244.86
285.26
288.35
233.85
234.36
292.35
293.82
293.99
297.21
294.76
298.45
294.86
299.99
247.56
298.41
265.59
257.37
290.51
290.65
246.54
247.56
289.76
292.12
294.50
299.42
293.66
296.66
295.07
299.99
264.15
299.85
256.86
256.41
286.82
290.63
246.54
247.35
291.22
292.57
298.65
297.25
298.99
296.26
299.99
243.96
298.32
250.20
259.86
57.21
291.37
251.16
251.52
12.98
57.95
291.83
293.15
298.68
296.52
297.75
295.23
299.99
256.26
299.84
255.99
255.09
290.06
246.03
246.75
299.65
67.39
291.81
292.16
297.70
297.32
294.63
295.88
299.99
260.31
298.69
251.43
259.80
290.31
247.86
248.67
299.69
293.93
293.85
292.53
297.32
298.07
299.44
292.86
299.99
246.69
299.18
252.09
263.10
290.88
251.07
251.28
294.36
293.36
292.46
292.15
293.71
297.67
298.46
298.40
292.23
299.99
252.24
298.06
252.60
263.19
291.00
251.22
250.20
294.11
292.60
292.30