1, 3, 299.899698
1, 5, 300.102306
1, 2, 300.111795
1, 4, 300.110338
1, 6, 300.150319
1, 1, 300.159514
1, 7, 300.157416
1, 8, 300.156780
2, 1, 300.031933
2, 4, 300.072679
2, 8, 300.077694
1, 9, 300.087013
2, 2, 300.075862
2, 7, 300.133240
2, 6, 300.128775
2, 5, 300.125367
2, 3, 300.129250
4, 1, 300.003580
3, 8, 300.054937
3, 1, 300.060407
3, 7, 300.049571
3, 6, 300.052929
3, 2, 300.057110
4, 6, 300.039503
4, 5, 300.042997
3, 5, 300.077600
3, 3, 300.075783
2, 9, 300.081961
4, 2, 300.077319
4, 3, 300.091026
4, 4, 300.096862
3, 4, 300.127214
4, 7, 300.037335
5, 1, 300.054836
4, 9, 300.054718
4, 8, 300.136603
5, 5, 300.057598
5, 4, 300.053222
5, 2, 300.100055
5, 3, 300.096109
5, 6, 300.103656
5, 8, 300.060335
5, 7, 300.104563
6, 1, 300.107649
6, 3, 300.099097
6, 2, 300.150383
6, 8, 300.059661
7, 2, 300.047521
6, 4, 300.113354
6, 6, 300.116096
6, 5, 300.110333
7, 1, 300.114345
7, 3, 300.097658
6, 9, 300.103206
6, 7, 300.152693
7, 5, 300.150778
7, 4, 300.194715
7, 6, 300.178460
8, 1, 300.053320
7, 7, 300.133996
8, 6, 300.133412
8, 5, 300.128123
8, 3, 300.175659
8, 4, 300.154462
8, 2, 300.179573
7, 9, 300.164242
7, 8, 300.229430
8, 7, 300.347190
