0.020759355
0.018770968
0.002397194
0.002541871
0.012115806
0.001887484
3.18439E-05
0.161
0.006486742
0.137480645
0.082503226
0.023549032
0.018793226
0.107580645
0.107432258
0.027214194
0.020789032
0.001265
0.004290613
0.013495806
0.006215194
3.18439E-05
0.142525806
0.003504161
0.132064516
0.089403226
0.018637419
0.019290323
0.1127
0.111587097
0.022102258
0.029069032
0.023074194
0.016775161
0.020329032
0.000497394
0.000987516
0.007864516
0.001757645
3.11316E-05
0.094893548
0.007302129
0.145641935
0.103277419
0.022755161
0.022777419
0.124422581
0.123012903
0.027125161
0.027807742
0.016893871
0.018793226
0.014059677
0.004794387
0.002782258
0.006951194
0.011262581
3.25487E-05
0.114480645
0.004358871
0.152690323
0.091925806
0.025403871
0.020329032
0.116632258
0.116112903
0.02495129
0.031472903
0.018926774
0.003254871
0.007797742
0.007745806
0.016144516
3.32535E-05
0.080277419
0.003673323
0.126054839
0.101645161
0.022955484
0.02346
0.129170968
0.129319355
0.028616452
0.019542581
0.018637419
0.01644129
0.000850258
0.012182581
0.007493548
0.017754516
3.18439E-05
0.140596774
0.003260806
0.122122581
0.086435484
0.025811935
0.01920129
0.115
0.11373871
0.021827742
0.014579032
0.008829032
0.003317194
0.012182581
0.007302129
3.32535E-05
0.125164516
0.003424774
0.131322581
0.096896774
0.027533226
0.018362903
0.11626129
0.114629032
0.020625806
0.01644129
0.009645161
0.004137774
0.015484194
0.001805871
3.18439E-05
0.133696774
0.003339452
0.137109677
0.087103226
0.028482903
0.020403226
0.111958065
0.111587097
0.015959032
0.013651613
0.006011161
0.010446452
0.015536129
0.015506452
3.11316E-05
0.119377419
0.006226323
0.057418387
0.110103226
0.031836452
0.023771613
0.138
0.138370968
0.019475806
0.014987097
0.010876774
0.014311935
0.014987097
0.006962323
2.97145E-05
0.099048387
0.004188968
0.001110677
0.133474194
0.034870968
0.027444194
0.159367742
0.157067742
0.021894516
0.014920323
0.004958355
0.014289677
0.00303971
0.005711419
3.04268E-05
0.13696129
0.003050839
0.000454287
0.125535484
0.034915484
0.027169677
0.154545161
0.152912903
0.0161
0.01575871
0.009882581
0.015372903
0.008918065
0.007426774
3.18439E-05
0.109064516
0.001635968
0.00022221
0.130803226
0.034373871
0.028393871
0.159367742
0.157587097
0.02035871
0.017732258
0.004148903
0.017094194
0.001285032
0.001845194
3.04268E-05
0.108322581
0.003628065
0.0001932
0.135996774
0.038313548
0.02794129
0.161222581
0.1587
0.019587097
0.016033226
0.017005161
0.00089329
0.015417419
0.003079032
0.000700461
3.11316E-05
0.135848387
0.002665774
0.00022221
0.132435484
0.038128065
0.028074839
0.154841935
0.148906452
0.020447742
0.014289677
0.001503161
0.015602903
0.002657613
0.009170323
3.11316E-05
0.106319355
0.002222097
0.0001932
0.136367742
0.03645129
0.028801935
0.163596774
0.162335484
0.018926774
0.015283871
0.014875806
0.006905935
0.012954194
0.003843226
0.012724194
2.97145E-05
0.129690323
0.003922613
0.0851
0.105429032
0.02346
0.02311871
0.132212903
0.129690323
0.025314839
0.019498065
0.013607097
0.001428968
0.015691935
0.008272581
0.012204839
3.25487E-05
0.08866129
0.000367926
0.106690323
0.107803226
0.032608065
0.023185484
0.132212903
0.130209677
0.021716452
0.018385161
0.003345387
0.006792419
0.002498839
0.009259355
3.18439E-05
0.138593548
0.004154839
0.12316129
0.099270968
0.022502903
0.021352903
0.120787097
0.119896774
0.001034258
0.000655945
0.020217742
0.016938387
0.003254871
0.008613871
0.005558581
0.011796774
3.11316E-05
0.108174194
0.000394116
0.108841935
0.111067742
0.024587742
0.133474194
0.131693548
0.000867323
0.006679645
0.020262258
0.019379355
0.005683226
0.006634387
0.013288065
0.010179355
3.11316E-05
0.098158065
0.003231871
0.120119355
0.099419355
0.023957097
0.128948387
0.126945161
0.000758258
0.015009355
0.015217097
0.018474194
0.006622516
0.004766194
0.001389645
0.017658065
3.11316E-05
0.131841935
0.002024
0.118487097
0.091258065
0.022554839
0.121009677
0.120490323
0.013948387
0.016419032
0.018659677
0.019423871
0.015558387
0.005750742
0.003809839
0.003950806
0.019223548
3.18439E-05
0.118116129
0.004788452
0.117225806
0.091035484
0.022258065
0.12063871
0.12316129
0.014579032
0.018296129
0.019045484
0.017502258
0.020900323
0.008754839
0.002397194
0.012835484
0.014423226
3.18439E-05
0.129319355
0.004290613
0.11396129
0.09763871
0.020648065
0.119154839
0.121009677
0.013859355
0.01092129
0.001534323
0.018043871
0.018407419
0.015714194
0.009860323
0.013903871
0.012405161
3.04268E-05
0.125312903
0.002383097
0.126945161
0.091925806
0.019067742
0.115222581
0.115593548
0.014193226
0.018837742
0.015194839
0.009667419
0.007879355
0.003911484
0.003696323
3.11316E-05
0.120490323
0.000327639
0.118487097
0.109732258
0.022599355
0.127687097
0.1288
0.013651613
0.017324194
0.016797419
0.001831097
0.003356516
0.010246129
0.007582581
3.32535E-05
0.134067742
0.001511323
0.108322581
0.107432258
0.023957097
0.126945161
0.124793548
0.015536129
0.019045484
0.021100645
0.015484194
0.002955129
0.001531355
0.020855806
0.013495806
3.18439E-05
0.105206452
0.001178935
0.13006129
0.102906452
0.022458387
0.122790323
0.122641935
0.014400968
0.018110645
0.001715355
0.003090903
0.012227097
0.013903871
3.18439E-05
0.133696774
0.003645129
0.124422581
0.098751613
0.02162
0.118264516
0.115
0.014104194
0.016367097
0.006453355
0.001288
0.01920129
0.010016129
3.39658E-05
0.184
0.000888839
0.119896774
0.035412581
0.021671935
0.124793548
0.121380645
0.014964839
0.021419677
0.019475806
0.015194839
0.003470032
0.004375935
0.019720645
0.005451
3.18439E-05
0.115222581
0.003628065
0.123680645
0.10453871
0.022235806
0.12316129
0.12063871
0.01483129
0.017094194
0.014556774
0.001260548
0.015536129
0.010379677
0.003379516
3.04268E-05
0.093632258
0.001658226
0.121158065
0.115370968
0.023912581
0.132212903
0.131174194
0.015625161
0.022458387
0.018021613
0.021441935
0.007983226
0.015372903
0.003056774
0.014193226
3.25487E-05
0.103425806
0.000867323
0.121009677
0.106170968
0.02196129
0.123012903
0.123532258
0.02311871
0.01897129
0.019676129
0.022169032
0.003328323
0.000580194
0.010735806
3.04268E-05
0.135106452
0.001280581
0.039893871
0.12753871
0.02472871
0.142896774
0.142006452
0.020737097
0.021211935
0.018229355
0.00770871
0.014898065
0.000792387
0.010401935
3.11316E-05
0.120267742
0.001885258
0.004743194
0.143490323
0.028712903
0.161222581
0.157067742
0.021530968
0.017843548
0.000608535
0.015031613
0.005626839
0.016508065
3.18439E-05
0.117745161
0.001188581
0.139483871
0.027666774
0.163893548
0.162854839
0.022710645
0.015506452
0.009852903
0.014942581
0.007960968
0.022050323
3.11316E-05
0.13006129
0.000203068
0.127909677
0.026947097
0.157067742
0.153209677
0.024001613
0.019179032
0.004998419
0.010357419
0.001029065
0.024817742
3.04268E-05
0.128058065
0.00016419
0.144751613
0.01897129
0.15973871
0.152912903
0.018273871
0.0161
0.001205645
0.008435806
0.022821935
3.11316E-05
0.135996774
0.000203068
0.122790323
0.048633871
0.152170968
0.145122581
0.019950645
0.018704194
0.011974839
0.000990484
0.006260452
0.024995806
3.04268E-05
0.101051613
0.00016419
0.147793548
0.042112258
0.165006452
0.159070968
0.000873258
0.018407419
0.018207097
0.001252387
0.001171516
0.020833548
3.18439E-05
0.139854839
0.089848387
0.109583871
0.127687097
0.122790323
0.027169677
0.002824548
0.023868065
0.017005161
0.004200097
0.005887258
0.002640548
0.021530968
3.18439E-05
0.091480645
0.091480645
0.117522581
0.140745161
0.140745161
0.033557742
0.002983323
0.025900968
0.02323
0.015009355
0.014289677
0.001302097
0.003673323
0.011002903
3.25487E-05
0.163225806
0.117003226
0.097267742
0.114629032
0.112996774
0.02599
0.001548419
0.027896774
0.005264032
0.027852258
0.021211935
0.02081129
0.003271935
0.000627603
0.008539677
0.007279129
3.11316E-05
0.125016129
0.122641935
0.105948387
0.1219
0.122790323
0.002637581
0.029573548
0.004398194
8.48774E-05
0.010847097
0.024676774
0.020217742
0.018451935
0.007515806
0.000648155
0.012701935
0.010735806
3.18439E-05
0.095635484
0.103574194
0.114109677
0.12983871
0.128948387
0.016960645
0.001522452
0.030523226
0.024046129
0.020692581
0.020692581
0.012701935
0.00211971
0.011492581
0.009949355
3.04268E-05
0.109435484
0.112996774
0.111364516
0.121009677
0.117893548
0.014898065
0.000645335
0.027807742
0.02219129
0.021486452
0.003707452
0.001550645
0.001825161
0.00230371
3.04268E-05
0.089180645
0.133845161
0.117225806
0.129541935
0.126425806
0.015602903
0.000902935
0.029618065
0.023682581
0.01874871
0.018726452
0.004760258
0.000773839
0.002886871
0.009237097
3.04268E-05
0.146532258
0.112848387
0.108322581
0.118264516
0.113367742
0.014534516
0.002136774
0.025314839
0.020380968
0.019676129
0.018993548
0.003339452
0.005773742
0.011425806
0.013406774
3.25487E-05
0.124793548
0.12753871
0.101274194
0.112848387
0.113367742
0.014786774
0.000846548
0.029521613
0.021100645
0.020380968
0.017569032
0.009021935
0.011321935
0.000721013
0.004437516
3.18439E-05
0.106319355
0.110696774
0.114629032
0.126648387
0.123532258
0.016189032
0.003724516
0.031428387
0.020922581
0.021011613
0.022213548
0.003136161
0.005920645
0.001503161
3.11316E-05
0.1127
0.070639677
0.116632258
0.136219355
0.128577419
0.015602903
0.003226677
0.032511613
0.019379355
0.017843548
0.017346452
0.003894419
0.001115129
0.007619677
3.11316E-05
0.125312903
0.1219
0.103574194
0.121380645
0.111735484
0.015283871
0.002589355
0.029751613
0.020922581
0.012568387
0.010268387
0.000911097
0.00874
3.04268E-05
0.161
0.127687097
0.094225806
0.105948387
0.094893548
0.013043226
0.001294677
0.025225806
0.024995806
0.025492903
0.000574555
0.015484194
0.007177484
0.006192935
3.18439E-05
0.115
0.118116129
0.104316129
0.118487097
0.112477419
0.014875806
0.001834065
0.03070129
