6.23
5.63
0.72
0.76
3.63
0.57
0.01
48.30
1.95
41.24
24.75
5.51
5.64
32.27
32.23
1.80
6.24
0.38
1.29
4.05
1.86
0.01
42.76
1.05
39.62
26.82
1.57
5.79
33.81
33.48
2.70
0.87
1.48
5.03
6.10
0.15
0.30
2.36
0.53
0.01
28.47
2.19
43.69
30.98
1.66
6.83
37.33
36.90
4.83
1.36
5.07
5.64
4.22
1.44
0.83
2.09
3.38
0.01
34.34
1.31
45.81
27.58
2.16
6.10
34.99
34.83
3.42
2.45
5.68
0.98
2.34
2.32
4.84
0.01
24.08
1.10
37.82
30.49
1.29
7.04
38.75
38.80
6.98
5.86
5.59
4.93
0.26
3.65
2.25
5.33
0.01
42.18
0.98
36.64
25.93
7.74
5.76
34.50
34.12
6.55
4.37
2.65
1.00
3.65
2.19
0.01
37.55
1.03
39.40
29.07
8.26
5.51
34.88
34.39
6.19
4.93
2.89
1.24
4.65
0.54
0.01
40.11
1.00
41.13
26.13
8.54
6.12
33.59
33.48
4.79
4.10
1.80
3.13
4.66
4.65
0.01
35.81
1.87
17.23
33.03
9.55
7.13
41.40
41.51
5.84
4.50
3.26
4.29
4.50
2.09
0.01
29.71
1.26
0.33
40.04
10.46
8.23
47.81
47.12
6.57
4.48
1.49
4.29
0.91
1.71
0.01
41.09
0.92
0.14
37.66
10.47
8.15
46.36
45.87
4.83
4.73
2.96
4.61
2.68
2.23
0.01
32.72
0.49
0.07
39.24
10.31
8.52
47.81
47.28
6.11
5.32
1.24
5.13
0.39
0.55
0.01
32.50
1.09
0.06
40.80
11.49
8.38
48.37
47.61
5.88
4.81
5.10
0.27
4.63
0.92
0.21
0.01
40.75
0.80
0.07
39.73
11.44
8.42
46.45
44.67
6.13
4.29
0.45
4.68
0.80
2.75
0.01
31.90
0.67
0.06
40.91
10.94
8.64
49.08
48.70
5.68
4.59
4.46
2.07
3.89
1.15
3.82
0.01
38.91
1.18
25.53
31.63
7.04
6.94
39.66
38.91
7.59
5.85
4.08
0.43
4.71
2.48
3.66
0.01
26.60
0.11
32.01
32.34
9.78
6.96
39.66
39.06
6.51
5.52
1.00
2.04
0.75
2.78
0.01
41.58
1.25
36.95
29.78
1.33
6.41
36.24
35.97
0.01
0.04
6.07
5.08
0.98
2.58
1.67
3.54
0.01
32.45
0.12
32.65
33.32
7.38
40.04
39.51
0.26
0.45
6.08
5.81
1.70
1.99
3.99
3.05
0.01
29.45
0.97
36.04
29.83
7.19
38.68
38.08
0.23
4.50
4.57
5.54
1.99
1.43
0.42
5.30
0.01
39.55
0.61
35.55
27.38
6.77
36.30
36.15
4.18
4.93
5.60
5.83
4.67
1.73
1.14
1.19
5.77
0.01
35.43
1.44
35.17
27.31
6.68
36.19
36.95
4.37
5.49
5.71
5.25
6.27
2.63
0.72
3.85
4.33
0.01
38.80
1.29
34.19
29.29
6.19
35.75
36.30
4.16
1.45
0.02
5.41
5.52
4.71
2.96
4.17
3.72
0.01
37.59
0.71
38.08
27.58
5.72
34.57
34.68
4.26
5.65
4.56
2.90
2.36
1.17
1.11
0.01
36.15
0.10
35.55
32.92
6.78
38.31
38.64
4.10
5.20
5.04
0.55
1.01
3.07
2.27
0.01
40.22
0.45
32.50
32.23
7.19
38.08
37.44
4.66
5.71
6.33
4.65
0.89
0.46
6.26
4.05
0.01
31.56
0.35
39.02
30.87
6.74
36.84
36.79
4.32
5.43
0.51
0.93
3.67
4.17
0.01
40.11
1.09
37.33
29.63
6.49
35.48
34.50
4.23
4.91
1.94
0.39
5.76
3.00
0.01
55.20
0.27
35.97
10.62
6.50
37.44
36.41
4.49
6.43
5.84
4.56
1.04
1.31
5.92
1.64
0.01
34.57
1.09
37.10
31.36
6.67
36.95
36.19
4.45
5.13
4.37
0.38
4.66
3.11
1.01
0.01
28.09
0.50
36.35
34.61
7.17
39.66
39.35
4.69
6.74
5.41
6.43
2.39
4.61
0.92
4.26
0.01
31.03
0.26
36.30
31.85
6.59
36.90
37.06
6.94
5.69
5.90
6.65
1.00
0.17
3.22
0.01
40.53
0.38
11.97
38.26
7.42
42.87
42.60
6.22
6.36
5.47
2.31
4.47
0.24
3.12
0.01
36.08
0.57
1.42
43.05
8.61
48.37
47.12
6.46
5.35
0.18
4.51
1.69
4.95
0.01
35.32
0.36
41.85
8.30
49.17
48.86
6.81
4.65
2.96
4.48
2.39
6.62
0.01
39.02
0.06
38.37
8.08
47.12
45.96
7.20
5.75
1.50
3.11
0.31
7.45
0.01
38.42
0.05
43.43
5.69
47.92
45.87
5.48
4.83
0.36
2.53
6.85
0.01
40.80
0.06
36.84
14.59
45.65
43.54
5.99
5.61
3.59
0.30
1.88
7.50
0.01
30.32
0.05
44.34
10.40
49.50
47.72
0.01
5.52
5.46
0.38
0.35
6.25
0.01
41.96
26.95
32.88
38.31
36.84
6.79
0.14
0.33
5.10
1.26
1.77
0.79
6.46
0.01
27.44
27.44
35.26
42.22
42.22
9.97
0.89
0.08
6.97
4.50
4.29
0.39
1.10
3.30
0.01
48.97
35.10
29.18
34.39
33.90
3.61
0.46
0.17
0.06
2.56
6.36
6.24
0.98
0.19
2.56
2.18
0.01
37.50
36.79
31.78
36.57
36.84
0.79
8.87
0.10
0.00
1.15
7.40
6.07
5.54
2.25
0.19
3.81
3.22
0.01
28.69
31.07
34.23
38.95
38.68
5.09
0.46
9.16
7.21
6.21
6.21
3.81
0.64
3.45
2.98
0.01
32.83
33.90
33.41
36.30
35.37
4.47
0.19
8.34
6.66
6.45
1.11
0.47
0.55
0.69
0.01
26.75
40.15
35.17
38.86
37.93
4.68
0.27
8.89
7.10
5.62
5.62
1.43
0.23
0.87
2.77
0.01
43.96
33.85
32.50
35.48
34.01
4.36
0.64
7.59
6.11
5.90
5.70
1.00
1.73
3.43
4.02
0.01
37.44
38.26
30.38
33.85
34.01
4.44
0.25
8.86
6.33
6.11
5.27
2.71
3.40
0.22
1.33
0.01
31.90
33.21
34.39
37.99
37.06
4.86
1.12
9.43
6.28
6.30
6.66
0.94
1.78
0.45
0.01
33.81
21.19
34.99
40.87
38.57
4.68
0.97
9.75
5.81
5.35
5.20
1.17
0.33
2.29
0.01
37.59
36.57
31.07
36.41
33.52
4.59
0.78
8.93
6.28
3.77
3.08
0.27
2.62
0.01
48.30
38.31
28.27
31.78
28.47
3.91
0.39
7.57
7.50
7.65
0.17
4.65
2.15
1.86
0.01
34.50
35.43
31.29
35.55
33.74
4.46
0.55
9.21
