293.77
294.37
299.28
299.24
296.37
299.43
299.99
251.70
298.05
258.76
275.25
228.49
294.36
267.73
267.77
64.20
293.76
299.62
298.71
295.95
298.14
299.99
257.24
298.95
260.38
273.18
82.43
294.21
266.19
266.52
119.30
29.13
62.52
294.97
293.90
299.85
299.70
297.64
299.47
299.99
271.53
297.81
256.31
269.02
71.34
293.17
262.67
263.10
173.17
47.64
294.93
294.36
295.78
298.56
299.17
297.91
296.62
299.99
265.66
298.69
254.19
272.42
82.84
293.90
265.01
265.17
133.58
75.55
294.32
299.02
297.66
297.68
295.16
299.99
275.92
298.90
262.18
269.51
54.71
292.96
261.25
261.20
237.02
294.14
294.41
295.07
299.74
296.35
297.75
294.67
299.99
257.82
299.02
263.36
274.07
292.26
294.24
265.50
265.88
293.45
295.63
297.35
299.00
296.35
297.81
299.99
262.45
298.97
260.60
270.93
291.74
294.49
265.12
265.61
293.81
295.07
297.11
298.76
295.35
299.46
299.99
259.89
299.00
258.87
273.87
291.46
293.88
266.41
266.52
295.21
295.90
298.20
296.87
295.34
295.35
299.99
264.19
298.13
282.77
266.97
290.45
292.87
258.60
258.49
294.16
295.50
296.74
295.71
295.50
297.91
299.99
270.29
298.74
299.67
259.96
289.54
291.77
252.19
252.88
293.43
295.52
298.51
295.71
299.09
298.29
299.99
258.91
299.08
299.86
262.34
289.53
291.85
253.64
254.13
295.17
295.27
297.04
295.39
297.32
297.77
299.99
267.28
299.51
299.93
260.76
289.69
291.48
252.19
252.72
293.89
294.68
298.76
294.87
299.61
299.45
299.99
267.50
298.91
299.94
259.20
288.51
291.62
251.63
252.39
294.12
295.19
294.90
299.73
295.37
299.08
299.79
299.99
259.25
299.20
299.93
260.27
288.56
291.58
253.55
255.33
293.87
295.71
299.55
295.32
299.20
297.25
299.99
268.10
299.33
299.94
259.09
289.06
291.36
250.92
251.30
294.32
295.41
295.54
297.93
296.11
298.85
296.18
299.99
261.09
298.82
274.47
268.37
292.96
293.06
260.34
261.09
292.41
294.15
295.92
299.57
295.29
297.52
296.34
299.99
273.40
299.89
267.99
267.66
290.22
293.04
260.34
260.94
293.49
294.48
299.00
297.96
299.25
297.22
299.99
258.42
298.75
263.05
270.22
57.67
293.59
263.76
264.03
12.99
57.96
293.93
294.92
299.02
297.42
298.33
296.46
299.99
267.55
299.88
267.35
266.68
292.62
259.96
260.49
299.74
67.55
293.92
294.19
298.30
298.01
296.01
296.95
299.99
270.55
299.03
263.96
270.17
292.81
261.32
261.92
299.77
295.50
295.43
294.46
298.01
298.57
299.58
294.70
299.99
260.45
299.39
264.45
272.62
293.23
263.70
263.85
295.82
295.07
294.40
294.17
295.33
298.27
298.86
298.81
294.23
299.99
264.57
298.56
264.83
272.69
293.32
263.81
263.05
295.63
294.51
294.29
294.75
293.73
297.37
299.28
296.15
295.67
299.99
261.20
298.71
265.81
270.71
293.81
264.25
263.70
295.84
131.55
9.98
294.59
294.48
295.29
297.04
295.83
296.28
299.99
262.41
299.29
261.92
272.42
294.28
265.43
265.32
295.74
294.35
295.44
297.10
297.64
298.83
298.89
299.99
263.85
299.90
264.45
267.08
293.22
261.69
261.36
295.90
294.80
294.96
299.45
298.99
296.93
297.73
299.99
259.78
299.55
267.50
267.77
292.81
261.92
262.56
295.34
294.29
293.67
295.35
299.11
299.54
293.74
295.95
299.99
268.44
299.65
260.98
269.13
293.26
263.16
263.21
295.68
294.57
299.49
299.07
296.33
295.83
299.99
259.89
298.91
262.67
270.37
293.51
264.52
265.50
295.77
295.09
298.06
299.61
294.24
297.00
299.99
244.80
299.73
264.03
289.38
293.50
262.56
263.59
295.51
293.57
294.16
295.44
298.96
298.69
294.08
298.36
299.99
265.43
298.91
262.90
268.64
293.33
263.05
263.81
295.55
294.87
295.63
299.62
295.34
296.89
298.99
299.99
271.91
299.50
263.65
265.39
292.83
260.34
260.65
295.31
293.26
294.59
293.57
297.61
295.39
299.08
295.74
299.99
268.97
299.74
263.70
268.15
293.41
263.10
262.94
293.06
294.31
294.10
293.35
299.00
299.83
296.78
299.99
259.47
299.62
288.03
261.74
292.58
257.13
257.40
293.78
293.64
294.53
297.69
295.53
299.76
296.88
299.99
263.92
299.43
298.58
256.95
291.39
251.63
252.88
293.54
294.65
299.82
295.49
298.31
295.05
299.99
264.68
299.64
258.15
291.70
250.83
251.14
293.19
295.35
297.04
295.52
297.61
293.38
299.99
260.98
299.94
261.63
291.92
252.88
254.04
292.80
294.25
298.50
296.89
299.69
292.55
299.99
261.58
299.95
256.57
294.31
252.08
254.13
294.52
295.17
299.64
297.47
293.15
299.99
259.20
299.94
263.16
285.41
254.35
256.46
294.01
294.39
296.41
299.70
298.12
292.50
299.99
269.68
299.95
255.66
236.60
250.50
252.28
13.99
294.48
294.54
299.62
299.65
293.75
299.99
258.04
273.05
267.12
261.69
263.16
243.21
50.86
13.67
294.90
298.74
298.23
299.21
293.54
299.99
272.56
272.56
264.74
257.78
257.78
287.03
299.11
2.92
293.03
295.50
295.71
299.61
298.90
296.70
299.99
251.03
264.90
270.82
265.61
266.10
135.39
299.54
5.83
11.94
89.44
293.64
293.76
299.02
299.81
297.44
297.82
299.99
262.50
263.21
268.22
263.43
263.16
299.21
291.13
22.90
19.00
104.85
292.60
293.93
294.46
297.75
299.81
296.19
296.78
299.99
271.31
268.93
265.77
261.05
261.32
294.91
299.54
290.84
292.79
293.79
293.79
296.19
299.36
296.55
297.02
299.99
267.17
266.10
266.59
263.70
264.63
295.53
299.81
291.66
293.34
293.55
298.89
299.53
299.45
299.31
299.99
273.25
259.85
264.83
261.14
262.07
295.32
299.73
291.11
292.90
294.38
294.38
298.57
299.77
299.13
297.23
299.99
256.04
266.15
267.50
264.52
265.99
295.64
299.36
292.41
293.89
294.10
294.30
299.00
298.27
296.57
295.98
299.99
262.56
261.74
269.62
266.15
265.99
295.56
299.75
291.14
293.67
293.89
294.73
297.29
296.60
299.78
298.67
299.99
268.10
266.79
265.61
262.01
262.94
295.14
298.88
290.57
293.72
293.70
293.34
299.06
298.22
299.55
299.99
266.19
278.81
265.01
259.13
261.43
295.32
299.03
290.25
294.19
294.65
294.80
298.83
299.67
297.71
299.99
262.41
263.43
268.93
263.59
266.48
295.41
299.22
291.07
293.72
296.23
296.92
299.73
297.38
299.99
251.70
261.69
271.73
268.22
271.53
296.09
299.61
292.43
292.50
292.35
299.83
295.35
297.85
298.14
299.99
265.50
264.57
268.71
264.45
266.26
295.54
299.45
290.79