0.00
0.00
0.00
0.00
0.00
0.00
0.00
0.00
0.00
0.00
0.00
0.00
0.00
0.00
0.00
234.00
300.00
300.00
300.00
300.00
300.00
300.00
300.00
300.00
300.00
300.00
300.00
300.00
300.00
300.00
384.00
506.00
536.00
600.00
600.00
600.00
600.00
600.00
600.00
600.00
600.00
600.00
600.00
600.00
600.00
600.00
600.00
600.00
673.00
851.00
900.00
900.00
900.00
900.00
900.00
900.00
900.00
900.00
900.00
900.00
900.00
900.00
900.00
900.00
900.00
900.00
985.00
1122.00
1200.00
1200.00
1200.00
1200.00
1200.00
1200.00
1200.00
1200.00
1200.00
1200.00
1200.00
1200.00
1200.00
1200.00
1256.00
1500.00
1500.00
1500.00
1500.00
1500.00
1500.00
1500.00
1500.00
1500.00
1500.00
1500.00
1500.00
1500.00
1500.00
1500.00
1500.00
1800.00
1800.00
1800.00
1800.00
1800.00
1800.00
1800.00
1800.00
1800.00
1800.00
1800.00
1800.00
1800.00
1800.00
1800.00
2100.00
2100.00
2100.00
2100.00
2100.00
2100.00
2100.00
2100.00
2100.00
2100.00
2100.00
2100.00
2100.00
2100.00
2100.00
2400.00
2400.00
2400.00
2400.00
2400.00
2400.00
2400.00
2400.00
2400.00
2400.00
2400.00
2400.00
2400.00
2400.00
2400.00
2700.00
2700.00
2700.00
2700.00
2700.00
2700.00
2700.00
2700.00
2700.00
2700.00
2700.00
2700.00
2700.00
2700.00
2700.00
3000.00
3000.00
3000.00
3000.00
3000.00
3000.00
3000.00
3000.00
3000.00
3000.00
3000.00
3000.00
3000.00
3000.00
3000.00
3300.00
3300.00
3300.00
3300.00
3300.00
3300.00
3300.00
3300.00
3300.00
3300.00
3300.00
3300.00
3300.00
3300.00
3300.00
3600.00
3600.00
3600.00
3600.00
3600.00
3600.00
3600.00
3600.00
3600.00
3600.00
3600.00
3600.00
3600.00
3600.00
3600.00
3900.00
3900.00
3900.00
3900.00
3900.00
3900.00
3900.00
3900.00
3900.00
3900.00
3900.00
3900.00
3900.00
3900.00
3900.00
3900.00
4200.00
4200.00
4200.00
4200.00
4200.00
4200.00
4200.00
4200.00
4200.00
4200.00
4200.00
4200.00
4200.00
4200.00
4200.00
4500.00
4500.00
4500.00
4500.00
4500.00
4500.00
4500.00
4500.00
4500.00
4500.00
4500.00
4500.00
4500.00
4500.00
4500.00
4500.00
4800.00
4800.00
4800.00
4800.00
4800.00
4800.00
4800.00
4800.00
4800.00
4800.00
4800.00
4800.00
4800.00
4800.00
4800.00
4800.00
5100.00
5100.00
5100.00
5100.00
5100.00
5100.00
5100.00
5100.00
5100.00
5100.00
5100.00
5100.00
5100.00
5100.00
5100.00
5159.00
5342.00
5400.00
5400.00
5400.00
5400.00
5400.00
5400.00
5400.00
5400.00
5400.00
5400.00
5400.00
5400.00
5400.00
5400.00
5400.00
5632.00
5700.00
5700.00
5700.00
5700.00
5700.00
5700.00
5700.00
5700.00
5700.00
5700.00
5700.00
5700.00
5700.00
5700.00
5700.00
5700.00
6000.00
6000.00
6000.00
6000.00
6000.00
6000.00
6000.00
6000.00
6000.00
6000.00
6000.00
6000.00
6000.00
6000.00
6000.00
6000.00
6300.00
6300.00
6300.00
6300.00
6300.00
6300.00
6300.00
6300.00
6300.00
6300.00
6300.00
6300.00
6300.00
6300.00
6300.00
6300.00
6300.00
6600.00
6600.00
6600.00
6600.00
6600.00
6600.00
6600.00
6600.00
6600.00
6600.00
6600.00
6600.00
6600.00
6600.00
6600.00
6600.00
6600.00
6733.00
6900.00
6900.00
6900.00
6900.00
6900.00
6900.00
6900.00
6900.00
6900.00
6900.00
6900.00
6900.00
6900.00
6900.00
6900.00
7200.00
7200.00
7200.00
7200.00
7200.00
7200.00
7200.00
7200.00
7200.00
7200.00
7200.00
7200.00
7200.00
7200.00
7200.00
7500.00
7500.00
7500.00
7500.00
7500.00
7500.00
7500.00
7500.00
7500.00
7500.00
7500.00
7500.00
7500.00
7500.00
7500.00
7800.00
7800.00
7800.00
7800.00
7800.00
7800.00
7800.00
7800.00
7800.00
7800.00
7800.00
7800.00
7800.00
7800.00
7800.00
7800.00
8100.00
8100.00
8100.00
8100.00
8100.00
8100.00
8100.00
8100.00
8100.00
8100.00
8100.00
8100.00
8100.00
8100.00
8400.00
8400.00
8400.00
8400.00
8400.00
8400.00
8400.00
8400.00
8400.00
8400.00
8400.00
8400.00
8400.00
8400.00
8700.00
8700.00
8700.00
8700.00
8700.00
8700.00
8700.00
8700.00
8700.00
8700.00
8700.00
8700.00
8700.00
8700.00
8700.00
8700.00
9000.00
9000.00
9000.00
9000.00
9000.00
9000.00
9000.00
9000.00
9000.00
9000.00
9000.00
9000.00
9000.00
9000.00
9000.00
9300.00
9300.00
9300.00
9300.00
9300.00
9300.00
9300.00
9300.00
9300.00
9300.00
9300.00
9300.00
9300.00
9300.00
9300.00
9600.00
9600.00
9600.00
9600.00
9600.00
9600.00
9600.00
9600.00
9600.00
9600.00
9600.00
9600.00
9600.00
9600.00
9600.00
9900.00
9900.00
9900.00
9900.00
9900.00
9900.00
9900.00
9900.00
9900.00
9900.00
9900.00
9900.00
9900.00
9900.00
9900.00
10200.00
10200.00
10200.00
10200.00
10200.00
10200.00
10200.00
10200.00
10200.00
10200.00
10200.00
10200.00
10200.00
10500.00
10500.00
10500.00
10500.00
10500.00
10500.00
10500.00
10500.00
10500.00
10500.00
10500.00
10500.00
10500.00
10800.00
10800.00
10800.00
10800.00
10800.00
10800.00
10800.00
10800.00
10800.00
10800.00
10800.00
10800.00
10800.00
11100.00
11100.00
11100.00
11100.00
11100.00
11100.00
11100.00
11100.00
11100.00
11100.00
11100.00
11100.00
11400.00
11400.00
11400.00
11400.00
11400.00
11400.00
11400.00
11400.00
11400.00
11400.00
11400.00
11400.00
11400.00
11647.00
11700.00
11700.00
11700.00
11700.00
11700.00
11700.00
11700.00
11700.00
11700.00
11700.00
11700.00
11736.00
11949.00
11986.00
12000.00
12000.00
12000.00
12000.00
12000.00
12000.00
12000.00
12000.00
12000.00
12000.00
12000.00
12000.00
12000.00
12297.00
12300.00
12300.00
12300.00
12300.00
12300.00
12300.00
12300.00
12300.00
12300.00
12300.00
12300.00
12300.00
12300.00
12300.00
12439.00
12445.00
12508.00
12600.00
12600.00
12600.00
12600.00
12600.00
12600.00
12600.00
12600.00
12600.00
12600.00
12600.00
12600.00
12600.00
12600.00
12705.00
12728.00
12794.00
12900.00
12900.00
12900.00
12900.00
12900.00
12900.00
12900.00
12900.00
12900.00
12900.00
12900.00
12900.00
12900.00
12900.00
12900.00
12900.00
13200.00
13200.00
13200.00
13200.00
13200.00
13200.00
13200.00
13200.00
13200.00
13200.00
13200.00
13200.00
13200.00
13200.00
13200.00
13200.00
13500.00
13500.00
13500.00
13500.00
13500.00
13500.00
13500.00
13500.00
13500.00
13500.00
13500.00
13500.00
13500.00
13500.00
13500.00
13800.00
13800.00
13800.00
13800.00
13800.00
13800.00
13800.00
13800.00
13800.00
13800.00
13800.00
13800.00
13800.00
13800.00
13800.00
13800.00
14100.00
14100.00
14100.00
14100.00
14100.00
14100.00
14100.00
14100.00
14100.00
14100.00
14100.00
14100.00
14100.00
14100.00
14100.00
14100.00
14400.00
14400.00
14400.00
14400.00
14400.00
14400.00
14400.00
14400.00
14400.00
14400.00
14400.00
14400.00
14400.00
14400.00
14400.00
14400.00
14700.00
14700.00
14700.00
14700.00
14700.00
14700.00
14700.00
14700.00
14700.00
14700.00
14700.00
14700.00
14700.00
14700.00
14700.00
15000.00
15000.00
15000.00
15000.00
15000.00
15000.00
15000.00
15000.00
15000.00
15000.00
15000.00
15000.00
15000.00
15000.00
15000.00
15300.00
15300.00
15300.00
15300.00
15300.00
15300.00
15300.00
15300.00
15300.00
15300.00
15300.00
15300.00
15300.00
15300.00
15600.00
15600.00
15600.00
15600.00
15600.00
15600.00
15600.00
15600.00
15600.00
15600.00
15600.00
15600.00
15600.00
15600.00
15600.00