0.065835294
0.059529412
0.007602353
0.008061176
0.038423529
0.005985882
0.000100941
0.510588235
0.020571765
0.436
0.261647059
0.074682353
0.0596
0.341176471
0.340705882
0.086305882
0.065929412
0.004011765
0.013607059
0.0428
0.019710588
0.000100941
0.452
0.011112941
0.418823529
0.283529412
0.059105882
0.061176471
0.357411765
0.353882353
0.070094118
0.092188235
0.073176471
0.0532
0.064470588
0.001576471
0.003131765
0.024941176
0.005574118
9.88235E-05
0.300941176
0.023157647
0.461882353
0.327529412
0.072164706
0.072235294
0.394588235
0.390117647
0.086023529
0.088188235
0.053576471
0.0596
0.044588235
0.015204706
0.008823529
0.022044706
0.035717647
0.000103294
0.363058824
0.013823529
0.484235294
0.291529412
0.080564706
0.064470588
0.369882353
0.368235294
0.079129412
0.099811765
0.060023529
0.010322353
0.024729412
0.024564706
0.0512
0.000105412
0.254588235
0.011649412
0.399764706
0.322352941
0.0728
0.0744
0.409647059
0.410117647
0.090752941
0.061976471
0.059105882
0.052141176
0.002696471
0.038635294
0.023764706
0.056305882
0.000100941
0.445882353
0.010341176
0.387294118
0.274117647
0.081858824
0.060894118
0.364705882
0.360705882
0.069223529
0.046235294
0.028
0.01052
0.038635294
0.023157647
0.000105412
0.396941176
0.010861176
0.416470588
0.307294118
0.087317647
0.058235294
0.368705882
0.363529412
0.065411765
0.052141176
0.030588235
0.013122353
0.049105882
0.005727059
0.000100941
0.424
0.010590588
0.434823529
0.276235294
0.090329412
0.064705882
0.355058824
0.353882353
0.050611765
0.043294118
0.019063529
0.033129412
0.049270588
0.049176471
9.88235E-05
0.378588235
0.019745882
0.182094118
0.349176471
0.100964706
0.075388235
0.437647059
0.438823529
0.061764706
0.047529412
0.034494118
0.045388235
0.047529412
0.02208
9.43529E-05
0.314117647
0.013284706
0.003522353
0.423294118
0.110588235
0.087035294
0.505411765
0.498117647
0.069435294
0.047317647
0.015724706
0.045317647
0.00964
0.018112941
9.64706E-05
0.434352941
0.009675294
0.00144
0.398117647
0.110729412
0.086164706
0.490117647
0.484941176
0.051058824
0.049976471
0.031341176
0.048752941
0.028282353
0.023552941
0.000100941
0.345882353
0.005188235
0.000705882
0.414823529
0.109011765
0.090047059
0.505411765
0.499764706
0.064564706
0.056235294
0.013157647
0.054211765
0.004075294
0.005851765
9.64706E-05
0.343529412
0.011505882
0.000611765
0.431294118
0.121505882
0.088611765
0.511294118
0.503294118
0.062117647
0.050847059
0.053929412
0.002832941
0.048894118
0.009764706
0.002221176
9.88235E-05
0.430823529
0.008454118
0.000705882
0.42
0.120917647
0.089035294
0.491058824
0.472235294
0.064847059
0.045317647
0.004767059
0.049482353
0.008428235
0.029082353
9.88235E-05
0.337176471
0.007047059
0.000611765
0.432470588
0.1156
0.091341176
0.518823529
0.514823529
0.060023529
0.048470588
0.047176471
0.021901176
0.041082353
0.012188235
0.040352941
9.43529E-05
0.411294118
0.01244
0.269882353
0.334352941
0.0744
0.073317647
0.419294118
0.411294118
0.080282353
0.061835294
0.043152941
0.004531765
0.049764706
0.026235294
0.038705882
0.000103294
0.281176471
0.001167059
0.338352941
0.341882353
0.103411765
0.073529412
0.419294118
0.412941176
0.068870588
0.058305882
0.010609412
0.021541176
0.007924706
0.029364706
0.000100941
0.439529412
0.013176471
0.390588235
0.314823529
0.071364706
0.067717647
0.383058824
0.380235294
0.00328
0.00208
0.064117647
0.053717647
0.010322353
0.027317647
0.017628235
0.037411765
9.88235E-05
0.343058824
0.001249412
0.345176471
0.352235294
0.077976471
0.423294118
0.417647059
0.002750588
0.021183529
0.064258824
0.061458824
0.018023529
0.02104
0.042141176
0.032282353
9.88235E-05
0.311294118
0.010249412
0.380941176
0.315294118
0.075976471
0.408941176
0.402588235
0.002404706
0.0476
0.048258824
0.058588235
0.021002353
0.015115294
0.004407059
0.056
9.88235E-05
0.418117647
0.006418824
0.375764706
0.289411765
0.071529412
0.383764706
0.382117647
0.044235294
0.052070588
0.059176471
0.0616
0.049341176
0.018237647
0.012082353
0.012529412
0.060964706
0.000100941
0.374588235
0.015185882
0.371764706
0.288705882
0.070588235
0.382588235
0.390588235
0.046235294
0.058023529
0.0604
0.055505882
0.066282353
0.027764706
0.007602353
0.040705882
0.045741176
0.000100941
0.410117647
0.013607059
0.361411765
0.309647059
0.065482353
0.377882353
0.383764706
0.043952941
0.034635294
0.004865882
0.057223529
0.058376471
0.049835294
0.031270588
0.044094118
0.039341176
9.64706E-05
0.397411765
0.007557647
0.402588235
0.291529412
0.060470588
0.365411765
0.366588235
0.045011765
0.059741176
0.048188235
0.030658824
0.024988235
0.012404706
0.011722353
9.88235E-05
0.382117647
0.00104
0.375764706
0.348
0.071670588
0.404941176
0.408470588
0.043294118
0.054941176
0.053270588
0.005807059
0.010644706
0.032494118
0.024047059
0.000105412
0.425176471
0.004792941
0.343529412
0.340705882
0.075976471
0.402588235
0.395764706
0.049270588
0.0604
0.066917647
0.049105882
0.009371765
0.004856471
0.066141176
0.0428
0.000100941
0.333647059
0.003738824
0.412470588
0.326352941
0.071223529
0.389411765
0.388941176
0.045670588
0.057435294
0.00544
0.009802353
0.038776471
0.044094118
0.000100941
0.424
0.01156
0.394588235
0.313176471
0.068564706
0.375058824
0.364705882
0.044729412
0.051905882
0.020465882
0.004084706
0.060894118
0.031764706
0.000107765
0.583529412
0.002818824
0.380235294
0.112305882
0.068729412
0.395764706
0.384941176
0.047458824
0.067929412
0.061764706
0.048188235
0.011004706
0.013877647
0.062541176
0.017287059
0.000100941
0.365411765
0.011505882
0.392235294
0.331529412
0.070517647
0.390588235
0.382588235
0.047035294
0.054211765
0.046164706
0.003997647
0.049270588
0.032917647
0.010717647
9.64706E-05
0.296941176
0.005258824
0.384235294
0.365882353
0.075835294
0.419294118
0.416
0.049552941
0.071223529
0.057152941
0.068
0.025317647
0.048752941
0.009694118
0.045011765
0.000103294
0.328
0.002750588
0.383764706
0.336705882
0.069647059
0.390117647
0.391764706
0.073317647
0.060164706
0.0624
0.070305882
0.010555294
0.00184
0.034047059
9.64706E-05
0.428470588
0.004061176
0.126517647
0.404470588
0.078423529
0.453176471
0.450352941
0.065764706
0.067270588
0.057811765
0.024447059
0.047247059
0.002512941
0.032988235
9.88235E-05
0.381411765
0.005978824
0.015042353
0.455058824
0.091058824
0.511294118
0.498117647
0.068282353
0.056588235
0.001929412
0.047670588
0.017844706
0.052352941
0.000100941
0.373411765
0.003769412
0.442352941
0.087741176
0.519764706
0.516470588
0.072023529
0.049176471
0.031247059
0.047388235
0.025247059
0.069929412
9.88235E-05
0.412470588
0.000644706
0.405647059
0.085458824
0.498117647
0.485882353
0.076117647
0.060823529
0.015851765
0.032847059
0.003263529
0.078705882
9.64706E-05
0.406117647
0.00052
0.459058824
0.060164706
0.506588235
0.484941176
0.057952941
0.051058824
0.003823529
0.026752941
0.072376471
9.88235E-05
0.431294118
0.000644706
0.389411765
0.154235294
0.482588235
0.460235294
0.063270588
0.059317647
0.037976471
0.003141176
0.019854118
0.079270588
9.64706E-05
0.320470588
0.00052
0.468705882
0.133552941
0.523294118
0.504470588
0.002769412
0.058376471
0.057741176
0.003971765
0.003715294
0.066070588
0.000100941
0.443529412
0.284941176
0.347529412
0.404941176
0.389411765
0.086164706
0.008957647
0.075694118
0.053929412
0.01332
0.018670588
0.008374118
0.068282353
0.000100941
0.290117647
0.290117647
0.372705882
0.446352941
0.446352941
0.106423529
0.009461176
0.082141176
0.073670588
0.0476
0.045317647
0.004129412
0.011649412
0.034894118
0.000103294
0.517647059
0.371058824
0.308470588
0.363529412
0.358352941
0.082423529
0.004910588
0.088470588
0.016694118
0.088329412
0.067270588
0.066
0.010376471
0.001990588
0.027082353
0.023084706
9.88235E-05
0.396470588
0.388941176
0.336
0.386588235
0.389411765
0.008364706
0.093788235
0.013948235
0.000268235
0.0344
0.078258824
0.064117647
0.058517647
0.023835294
0.002056471
0.040282353
0.034047059
0.000100941
0.303294118
0.328470588
0.361882353
0.411764706
0.408941176
0.053788235
0.004828235
0.0968
0.076258824
0.065623529
0.065623529
0.040282353
0.006722353
0.036447059
0.031552941
9.64706E-05
0.347058824
0.358352941
0.353176471
0.383764706
0.373882353
0.047247059
0.002047059
0.088188235
0.070376471
0.068141176
0.011757647
0.004917647
0.005788235
0.007305882
9.64706E-05
0.282823529
0.424470588
0.371764706
0.410823529
0.400941176
0.049482353
0.002863529
0.093929412
0.075105882
0.059458824
0.059388235
0.015096471
0.002454118
0.009155294
0.029294118
9.64706E-05
0.464705882
0.357882353
0.343529412
0.375058824
0.359529412
0.046094118
0.006776471
0.080282353
0.064635294
0.0624
0.060235294
0.010590588
0.018310588
0.036235294
0.042517647
0.000103294
0.395764706
0.404470588
0.321176471
0.357882353
0.359529412
0.046894118
0.002684706
0.093623529
0.066917647
0.064635294
0.055717647
0.028611765
0.035905882
0.002287059
0.014072941
0.000100941
0.337176471
0.351058824
0.363529412
0.401647059
0.391764706
0.051341176
0.011811765
0.099670588
0.066352941
0.066635294
0.070447059
0.009945882
0.018776471
0.004767059
9.88235E-05
0.357411765
0.224023529
0.369882353
0.432
0.407764706
0.049482353
0.010232941
0.103105882
0.061458824
0.056588235
0.055011765
0.012350588
0.003536471
0.024164706
9.88235E-05
0.397411765
0.386588235
0.328470588
0.384941176
0.354352941
0.048470588
0.008211765
0.094352941
0.066352941
0.039858824
0.032564706
0.002889412
0.027717647
9.64706E-05
0.510588235
0.404941176
0.298823529
0.336
0.300941176
0.041364706
0.004105882
0.08
0.079270588
0.080847059
0.001821176
0.049105882
0.022762353
0.01964
0.000100941
0.364705882
0.374588235
0.330823529
0.375764706
0.356705882
0.047176471
0.005816471
0.097364706