19.75058824
17.85882353
2.280705882
2.418352941
11.52705882
1.795764706
0.030282353
153.1764706
6.171529412
130.8
78.49411765
17.47567059
17.88
102.3529412
102.2117647
5.696188235
19.77882353
1.203529412
4.082117647
12.84
5.913176471
0.030282353
135.6
3.333882353
125.6470588
85.05882353
4.964894118
18.35294118
107.2235294
106.1647059
8.551482353
2.765647059
4.683294118
15.96
19.34117647
0.472941176
0.939529412
7.482352941
1.672235294
0.029647059
90.28235294
6.947294118
138.5647059
98.25882353
5.268023529
21.67058824
118.3764706
117.0352941
15.31218824
4.321223529
16.07294118
17.88
13.37647059
4.561411765
2.647058824
6.613411765
10.71529412
0.030988235
108.9176471
4.147058824
145.2705882
87.45882353
6.848
19.34117647
110.9647059
110.4705882
10.84072941
7.785317647
18.00705882
3.096705882
7.418823529
7.369411765
15.36
0.031623529
76.37647059
3.494823529
119.9294118
96.70588235
4.0768
22.32
122.8941176
123.0352941
22.14371765
18.59294118
17.73176471
15.64235294
0.808941176
11.59058824
7.129411765
16.89176471
0.030282353
133.7647059
3.102352941
116.1882353
82.23529412
24.55764706
18.26823529
109.4117647
108.2117647
20.76705882
13.87058824
8.4
3.156
11.59058824
6.947294118
0.031623529
119.0823529
3.258352941
124.9411765
92.18823529
26.19529412
17.47058824
110.6117647
109.0588235
19.62352941
15.64235294
9.176470588
3.936705882
14.73176471
1.718117647
0.030282353
127.2
3.177176471
130.4470588
82.87058824
27.09882353
19.41176471
106.5176471
106.1647059
15.18352941
12.98823529
5.719058824
9.938823529
14.78117647
14.75294118
0.029647059
113.5764706
5.923764706
54.62823529
104.7529412
30.28941176
22.61647059
131.2941176
131.6470588
18.52941176
14.25882353
10.34823529
13.61647059
14.25882353
6.624
0.028305882
94.23529412
3.985411765
1.056705882
126.9882353
33.17647059
26.11058824
151.6235294
149.4352941
20.83058824
14.19529412
4.717411765
13.59529412
2.892
5.433882353
0.028941176
130.3058824
2.902588235
0.432
119.4352941
33.21882353
25.84941176
147.0352941
145.4823529
15.31764706
14.99294118
9.402352941
14.62588235
8.484705882
7.065882353
0.030282353
103.7647059
1.556470588
0.211764706
124.4470588
32.70352941
27.01411765
151.6235294
149.9294118
19.36941176
16.87058824
3.947294118
16.26352941
1.222588235
1.755529412
0.028941176
103.0588235
3.451764706
0.183529412
129.3882353
36.45176471
26.58352941
153.3882353
150.9882353
18.63529412
15.25411765
16.17882353
0.849882353
14.66823529
2.929411765
0.666352941
0.029647059
129.2470588
2.536235294
0.211764706
126
36.27529412
26.71058824
147.3176471
141.6705882
19.45411765
13.59529412
1.430117647
14.84470588
2.528470588
8.724705882
0.029647059
101.1529412
2.114117647
0.183529412
129.7411765
34.68
27.40235294
155.6470588
154.4470588
18.00705882
14.54117647
14.15294118
6.570352941
12.32470588
3.656470588
12.10588235
0.028305882
123.3882353
3.732
80.96470588
100.3058824
22.32
21.99529412
125.7882353
123.3882353
24.08470588
18.55058824
12.94588235
1.359529412
14.92941176
7.870588235
11.61176471
0.030988235
84.35294118
0.350117647
101.5058824
102.5647059
31.02352941
22.05882353
125.7882353
123.8823529
20.66117647
17.49176471
3.182823529
6.462352941
2.377411765
8.809411765
0.030282353
131.8588235
3.952941176
117.1764706
94.44705882
4.210517647
20.31529412
114.9176471
114.0705882
0.04264
0.12064
19.23529412
16.11529412
3.096705882
8.195294118
5.288470588
11.22352941
0.029647059
102.9176471
0.374823529
103.5529412
105.6705882
23.39294118
126.9882353
125.2941176
0.825176471
1.44048
19.27764706
18.43764706
5.407058824
6.312
12.64235294
9.684705882
0.029647059
93.38823529
3.074823529
114.2823529
94.58823529
22.79294118
122.6823529
120.7764706
0.721411765
14.28
14.47764706
17.57647059
6.300705882
4.534588235
1.322117647
16.8
0.029647059
125.4352941
1.925647059
112.7294118
86.82352941
21.45882353
115.1294118
114.6352941
13.27058824
15.62117647
17.75294118
18.48
14.80235294
5.471294118
3.624705882
3.758823529
18.28941176
0.030282353
112.3764706
4.555764706
111.5294118
86.61176471
21.17647059
114.7764706
117.1764706
13.87058824
17.40705882
18.12
16.65176471
19.88470588
8.329411765
2.280705882
12.21176471
13.72235294
0.030282353
123.0352941
4.082117647
108.4235294
92.89411765
19.64470588
113.3647059
115.1294118
13.18588235
4.606494118
0.048658824
17.16705882
17.51294118
14.95058824
9.381176471
13.22823529
11.80235294
0.028941176
119.2235294
2.267294118
120.7764706
87.45882353
18.14117647
109.6235294
109.9764706
13.50352941
17.92235294
14.45647059
9.197647059
7.496470588
3.721411765
3.516705882
0.029647059
114.6352941
0.312
112.7294118
104.4
21.50117647
121.4823529
122.5411765
12.98823529
16.48235294
15.98117647
1.742117647
3.193411765
9.748235294
7.214117647
0.031623529
127.5529412
1.437882353
103.0588235
102.2117647
22.79294118
120.7764706
118.7294118
14.78117647
18.12
20.07529412
14.73176471
2.811529412
1.456941176
19.84235294
12.84
0.030282353
100.0941176
1.121647059
123.7411765
97.90588235
21.36705882
116.8235294
116.6823529
13.70117647
17.23058824
1.632
2.940705882
11.63294118
13.22823529
0.030282353
127.2
3.468
118.3764706
93.95294118
20.56941176
112.5176471
109.4117647
13.41882353
15.57176471
6.139764706
1.225411765
18.26823529
9.529411765
0.032329412
175.0588235
0.845647059
114.0705882
33.69176471
20.61882353
118.7294118
115.4823529
14.23764706
20.37882353
18.52941176
14.45647059
3.301411765
4.163294118
18.76235294
5.186117647
0.030282353
109.6235294
3.451764706
117.6705882
99.45882353
21.15529412
117.1764706
114.7764706
14.11058824
16.26352941
13.84941176
1.199294118
14.78117647
9.875294118
3.215294118
0.028941176
89.08235294
1.577647059
115.2705882
109.7647059
22.75058824
125.7882353
124.8
14.86588235
21.36705882
17.14588235
20.4
7.595294118
14.62588235
2.908235294
13.50352941
0.030988235
98.4
0.825176471
115.1294118
101.0117647
20.89411765
117.0352941
117.5294118
21.99529412
18.04941176
18.72
21.09176471
3.166588235
0.552
10.21411765
0.028941176
128.5411765
1.218352941
37.95529412
121.3411765
23.52705882
135.9529412
135.1058824
19.72941176
20.18117647
17.34352941
7.334117647
14.17411765
0.753882353
9.896470588
0.029647059
114.4235294
1.793647059
4.512705882
136.5176471
27.31764706
153.3882353
149.4352941
20.48470588
16.97647059
0.578823529
14.30117647
5.353411765
15.70588235
0.030282353
112.0235294
1.130823529
132.7058824
26.32235294
155.9294118
154.9411765
21.60705882
14.75294118
9.374117647
14.21647059
7.574117647
20.97882353
0.029647059
123.7411765
0.193411765
121.6941176
25.63764706
149.4352941
145.7647059
22.83529412
18.24705882
4.755529412
9.854117647
0.979058824
23.61176471
0.028941176
121.8352941
0.156
137.7176471
18.04941176
151.9764706
145.4823529
17.38588235
15.31764706
1.147058824
8.025882353
21.71294118
0.029647059
129.3882353
0.193411765
116.8235294
46.27058824
144.7764706
138.0705882
18.98117647
17.79529412
11.39294118
0.942352941
5.956235294
23.78117647
0.028941176
96.14117647
0.156
140.6117647
32.98757647
156.9882353
151.3411765
0.038771765
17.51294118
17.32235294
1.191529412
1.114588235
19.82117647
0.030282353
133.0588235
85.48235294
104.2588235
121.4823529
116.8235294
21.54117647
0.45684
1.059717647
16.17882353
3.996
5.601176471
2.512235294
20.48470588
0.030282353
87.03529412
87.03529412
111.8117647
133.9058824
133.9058824
31.60778824
2.838352941
0.246423529
22.10117647
14.28
13.59529412
1.238823529
3.494823529
10.46823529
0.030988235
155.2941176
111.3176471
92.54117647
109.0588235
107.5058824
11.45687059
1.473176471
0.530823529
0.200329412
8.126305882
20.18117647
19.8
3.112941176
0.597176471
8.124705882
6.925411765
0.029647059
118.9411765
116.6823529
100.8
115.9764706
116.8235294
2.509411765
28.13647059
0.320809412
0.005096471
3.6464
23.47764706
19.23529412
17.55529412
7.150588235
0.616941176
12.08470588
10.21411765
0.030282353
90.98823529
98.54117647
108.5647059
123.5294118
122.6823529
16.13647059
1.448470588
29.04
22.87764706
19.68705882
19.68705882
12.08470588
2.016705882
10.93411765
9.465882353
0.028941176
104.1176471
107.5058824
105.9529412
115.1294118
112.1647059
14.17411765
0.614117647
26.45647059
21.11294118
20.44235294
3.527294118
1.475294118
1.736470588
2.191764706
0.028941176
84.84705882
127.3411765
111.5294118
123.2470588
120.2823529
14.84470588
0.859058824
28.17882353
22.53176471
17.83764706
17.81647059
4.528941176
0.736235294
2.746588235
8.788235294
0.028941176
139.4117647
107.3647059
103.0588235
112.5176471
107.8588235
13.82823529
2.032941176
24.08470588
19.39058824
18.72
18.07058824
3.177176471
5.493176471
10.87058824
12.75529412
0.030988235
118.7294118
121.3411765
96.35294118
107.3647059
107.8588235
14.06823529
0.805411765
28.08705882
20.07529412
19.39058824
16.71529412
8.583529412
10.77176471
0.686117647
4.221882353
0.030282353
101.1529412
105.3176471
109.0588235
120.4941176
117.5294118
15.40235294
3.543529412
29.90117647
19.90588235
19.99058824
21.13411765
2.983764706
5.632941176
1.430117647
0.029647059
107.2235294
67.20705882
110.9647059
129.6
122.3294118
14.84470588
3.069882353
30.93176471
18.43764706
16.97647059
16.50352941
3.705176471
1.060941176
7.249411765
0.029647059
119.2235294
115.9764706
98.54117647
115.4823529
106.3058824
14.54117647
2.463529412
28.30588235
19.90588235
11.95764706
9.769411765
0.866823529
8.315294118
0.028941176
153.1764706
121.4823529
89.64705882
100.8
90.28235294
12.40941176
1.231764706
24
23.78117647
24.25411765
0.546352941
14.73176471
6.828705882
5.892
0.030282353
109.4117647
112.3764706
99.24705882
112.7294118
107.0117647
14.15294118
1.744941176
29.20941176