280.25
282.14
297.72
297.58
288.47
298.20
299.97
146.82
293.83
169.20
221.51
216.52
282.12
197.65
197.79
60.30
280.22
298.80
295.92
287.16
294.09
299.97
164.40
296.67
174.35
214.94
79.04
281.65
192.78
193.84
113.45
27.23
59.32
284.04
280.66
299.53
299.06
292.52
298.33
299.97
209.72
293.05
161.44
201.74
67.73
278.33
181.62
182.96
162.69
44.68
283.93
282.12
286.62
295.44
297.35
293.39
289.28
299.97
191.08
295.85
154.73
212.54
78.15
280.66
189.04
189.53
126.16
70.21
281.99
296.90
292.58
292.63
284.64
299.97
223.62
296.51
180.07
203.29
51.92
277.68
177.11
176.96
221.86
281.41
282.27
284.36
299.19
288.41
292.87
283.11
299.97
166.24
296.90
183.81
217.76
275.44
281.73
190.59
191.79
279.23
286.13
291.60
296.84
288.41
293.05
299.97
180.92
296.74
175.06
207.81
273.80
282.53
189.39
190.94
280.38
284.36
290.82
296.06
285.27
298.28
299.97
172.80
296.82
169.55
217.13
272.90
280.59
193.48
193.84
284.82
287.01
294.28
290.06
285.22
285.25
299.97
186.42
294.08
245.37
195.25
269.71
277.38
168.71
168.35
281.47
285.74
289.65
286.38
285.74
293.38
299.97
205.76
296.01
298.94
173.01
266.82
273.89
148.38
150.56
279.17
285.80
295.28
286.40
297.11
294.57
299.97
169.69
297.10
299.57
180.56
266.78
274.15
152.96
154.52
284.68
285.01
290.60
285.37
291.52
292.93
299.97
196.24
298.44
299.79
175.55
267.30
272.99
148.38
150.07
280.63
283.13
296.05
283.74
298.78
298.24
299.97
196.94
296.55
299.82
170.61
263.55
273.42
146.61
149.01
281.36
284.75
283.82
299.15
285.33
297.07
299.33
299.97
170.75
297.46
299.79
174.00
263.72
273.29
152.68
158.33
280.55
286.40
298.57
285.16
297.47
291.28
299.97
198.85
297.89
299.82
170.26
265.32
272.60
144.35
145.55
281.99
285.46
285.85
293.43
287.68
296.34
287.89
299.97
176.61
296.27
219.04
199.69
277.68
278.00
174.21
176.61
275.92
281.45
287.05
298.64
285.07
292.13
288.39
299.97
215.65
299.65
198.49
197.44
268.98
277.94
174.21
176.12
279.34
282.51
296.82
293.54
297.62
291.19
299.97
168.14
296.05
182.82
205.55
54.79
279.68
185.08
185.93
12.96
57.88
280.76
283.88
296.90
291.80
294.71
288.78
299.97
197.08
299.63
196.45
194.33
276.61
173.01
174.71
299.17
66.56
280.72
281.56
294.59
293.69
287.36
290.32
299.97
206.61
296.93
185.72
205.41
277.21
177.32
179.22
299.28
285.72
285.52
282.42
293.70
295.47
298.68
283.20
299.97
174.56
298.07
187.27
213.18
278.54
184.87
185.36
286.73
284.38
282.25
281.52
285.20
294.53
296.38
296.24
281.71
299.97
187.62
295.44
188.47
213.39
278.82
185.22
182.82
286.13
282.59
281.88
283.35
280.12
291.67
297.72
287.79
286.28
299.97
176.96
295.92
191.58
207.11
280.36
186.64
184.87
286.81
128.39
9.95
282.83
282.49
285.05
290.62
286.77
288.20
299.97
180.78
297.73
179.22
212.54
281.86
190.38
190.02
286.50
282.08
285.54
290.80
292.50
296.28
296.48
299.97
185.36
299.69
187.27
195.60
278.50
178.52
177.46
287.01
283.52
284.02
298.26
296.81
290.25
292.79
299.97
172.45
298.56
196.94
197.79
277.21
179.22
181.27
285.22
281.88
279.92
285.27
297.19
298.54
280.16
287.16
299.97
199.91
298.88
176.26
202.09
278.63
183.18
183.32
286.30
282.77
298.37
297.06
288.37
286.77
299.97
172.80
296.53
181.62
206.05
279.43
187.48
190.59
286.58
284.43
293.86
298.77
281.73
290.47
299.97
124.94
299.15
185.93
266.31
279.38
181.27
184.52
285.76
279.62
281.47
285.54
296.70
295.84
281.24
294.81
299.97
190.38
296.55
182.33
200.54
278.84
182.82
185.22
285.89
283.74
286.15
298.80
285.22
290.12
296.78
299.97
210.92
298.42
184.73
190.24
277.25
174.21
175.20
285.13
278.63
282.85
279.60
292.40
285.37
297.09
286.50
299.97
201.60
299.17
184.87
198.99
279.11
182.96
182.47
278.00
281.95
281.28
278.91
296.83
299.45
289.79
299.97
171.46
298.78
262.04
178.66
276.47
164.05
164.89
280.27
279.82
282.66
292.67
285.83
299.25
290.10
299.97
185.58
298.21
295.49
163.48
272.68
146.61
150.56
279.52
283.02
299.42
285.70
294.65
284.29
299.97
187.98
298.87
167.29
273.68
144.07
145.06
278.39
285.25
290.63
285.78
292.43
279.02
299.97
176.26
299.81
178.31
274.36
150.56
154.24
277.16
281.75
295.24
290.15
299.02
276.39
299.97
178.16
299.84
162.28
281.95
148.02
154.52
282.61
284.68
298.85
291.97
278.29
299.97
170.61
299.81
183.18
253.73
155.22
161.93
281.02
282.20
288.61
299.06
294.04
276.22
299.97
203.86
299.84
159.39
214.01
143.01
148.66
13.96
282.49
282.68
298.81
298.89
280.18
299.97
166.94
214.52
195.74
178.52
183.18
228.46
50.54
12.94
283.82
296.00
294.40
297.49
279.52
299.97
212.96
212.96
188.19
166.09
166.09
265.39
297.16
2.75
277.90
285.72
286.40
298.76
296.51
289.53
299.97
144.71
188.68
207.46
190.94
192.49
127.54
298.53
5.47
11.80
83.87
279.82
280.20
296.89
299.40
291.88
293.07
299.97
181.06
183.32
199.20
184.02
183.18
297.49
271.86
22.68
18.99
102.35
276.52
280.76
282.44
292.85
299.38
287.92
289.79
299.97
209.01
201.46
191.44
176.47
177.32
283.86
298.55
270.96
277.12
280.31
280.31
287.92
297.98
289.07
290.53
299.97
195.88
192.49
194.05
184.87
187.84
285.83
299.39
273.54
278.89
279.56
296.47
298.52
298.26
297.81
299.97
215.15
172.66
188.47
176.75
179.72
285.16
299.14
271.82
277.47
282.16
282.18
295.47
299.26
297.25
291.21
299.97
160.59
192.64
196.94
187.48
192.14
286.17
297.97
275.92
280.61
281.28
281.93
296.82
294.51
289.13
287.24
299.97
181.27
178.66
203.65
192.64
192.14
285.93
299.19
271.91
279.92
280.61
283.28
291.42
289.23
299.31
295.78
299.97
198.85
194.68
190.94
179.51
182.47
284.60
296.46
270.10
280.09
280.01
278.87
297.02
294.37
298.57
299.97
192.78
232.79
189.04
170.40
177.67
285.16
296.93
269.07
281.56
283.02
283.50
296.29
298.94
292.75
299.97
180.78
184.02
201.46
184.52
193.69
285.46
297.54
271.69
280.09
288.04
290.23
299.13
291.68
299.97
146.82
178.52
210.35
199.20
209.72
287.59
298.77
276.00
276.22
275.75
299.45
285.27
293.17
294.11
299.97
190.59
187.62
200.75
187.27
192.99
285.85
298.26
270.79