0.086647742
0.078348387
0.010005677
0.010609548
0.050570323
0.007878194
0.000132852
0.672
0.027075097
0.573832258
0.34436129
0.098291613
0.07844129
0.449032258
0.448412903
0.113589677
0.086771613
0.00528
0.017908645
0.056330323
0.025941677
0.000132852
0.594890323
0.014626065
0.551225806
0.37316129
0.077790968
0.080516129
0.4704
0.465754839
0.092252903
0.121331613
0.096309677
0.070018065
0.084851613
0.002074839
0.004121806
0.032825806
0.007336258
0.000130065
0.396077419
0.030478452
0.607896774
0.431070968
0.094978065
0.095070968
0.519329032
0.513445161
0.113218065
0.116067097
0.070513548
0.07844129
0.058683871
0.020011355
0.011612903
0.029013677
0.047009032
0.000135948
0.477832258
0.018193548
0.637316129
0.383690323
0.106033548
0.084851613
0.486812903
0.484645161
0.104144516
0.131365161
0.07899871
0.013585548
0.032547097
0.032330323
0.067385806
0.000138735
0.335070968
0.015332129
0.526141935
0.424258065
0.095814194
0.09792
0.539148387
0.539767742
0.119442581
0.081569032
0.077790968
0.068624516
0.003548903
0.050849032
0.031277419
0.074105806
0.000132852
0.58683871
0.013610323
0.509729032
0.360774194
0.107736774
0.080144516
0.48
0.474735484
0.091107097
0.060851613
0.036851613
0.013845677
0.050849032
0.030478452
0.000138735
0.522425806
0.01429471
0.548129032
0.40443871
0.11492129
0.076645161
0.485264516
0.478451613
0.086090323
0.068624516
0.040258065
0.01727071
0.064629677
0.007537548
0.000132852
0.55803871
0.013938581
0.572283871
0.36356129
0.118885161
0.08516129
0.467303226
0.465754839
0.066611613
0.056980645
0.025090065
0.043602581
0.064846452
0.064722581
0.000130065
0.498270968
0.025988129
0.239659355
0.45956129
0.132882581
0.099220645
0.576
0.577548387
0.081290323
0.062554839
0.04539871
0.059736774
0.062554839
0.029060129
0.000124181
0.413419355
0.017484387
0.004635871
0.557109677
0.145548387
0.114549677
0.665187097
0.655587097
0.091385806
0.062276129
0.020695742
0.059643871
0.012687484
0.023838968
0.000126968
0.571664516
0.012733935
0.001895226
0.523974194
0.145734194
0.113403871
0.645058065
0.638245161
0.0672
0.065775484
0.041249032
0.064165161
0.037223226
0.03099871
0.000132852
0.455225806
0.006828387
0.000929032
0.54596129
0.143473548
0.118513548
0.665187097
0.657754839
0.084975484
0.074012903
0.017317161
0.071349677
0.005363613
0.007701677
0.000126968
0.452129032
0.015143226
0.000805161
0.56763871
0.159917419
0.116624516
0.672929032
0.6624
0.081754839
0.06692129
0.070978065
0.003728516
0.064350968
0.012851613
0.002923355
0.000130065
0.567019355
0.01112671
0.000929032
0.552774194
0.159143226
0.117181935
0.646296774
0.621522581
0.085347097
0.059643871
0.006274065
0.065125161
0.011092645
0.038276129
0.000130065
0.443767742
0.009274839
0.000805161
0.569187097
0.152144516
0.120216774
0.68283871
0.677574194
0.07899871
0.063793548
0.062090323
0.028824774
0.054069677
0.01604129
0.053109677
0.000124181
0.541316129
0.016372645
0.3552
0.440051613
0.09792
0.096495484
0.551845161
0.541316129
0.105661935
0.081383226
0.056794839
0.005964387
0.065496774
0.034529032
0.050941935
0.000135948
0.370064516
0.001536
0.445316129
0.44996129
0.136103226
0.096774194
0.551845161
0.543483871
0.090642581
0.076738065
0.013963355
0.028350968
0.010429935
0.038647742
0.000132852
0.578477419
0.017341935
0.514064516
0.414348387
0.093925161
0.089125161
0.504154839
0.50043871
0.004316903
0.002737548
0.084387097
0.070699355
0.013585548
0.035953548
0.023201032
0.04923871
0.000130065
0.451509677
0.001644387
0.454296774
0.463587097
0.102627097
0.557109677
0.549677419
0.003620129
0.027880258
0.084572903
0.080887742
0.02372129
0.027691355
0.055463226
0.042487742
0.000130065
0.409703226
0.013489548
0.501367742
0.414967742
0.099994839
0.538219355
0.529858065
0.003164903
0.062647742
0.063514839
0.077109677
0.027641806
0.019893677
0.005800258
0.073703226
0.000130065
0.550296774
0.008448
0.494554839
0.380903226
0.094141935
0.505083871
0.502916129
0.058219355
0.068531613
0.077883871
0.081073548
0.064939355
0.024003097
0.015901935
0.016490323
0.080237419
0.000132852
0.493006452
0.019986581
0.489290323
0.379974194
0.092903226
0.503535484
0.514064516
0.060851613
0.076366452
0.079494194
0.073052903
0.087236129
0.036541935
0.010005677
0.053574194
0.06020129
0.000132852
0.539767742
0.017908645
0.475664516
0.407535484
0.086183226
0.497341935
0.505083871
0.057847742
0.045584516
0.006404129
0.075313548
0.076830968
0.065589677
0.041156129
0.058033548
0.051778065
0.000126968
0.523045161
0.009946839
0.529858065
0.383690323
0.079587097
0.480929032
0.482477419
0.05924129
0.078627097
0.063421935
0.040350968
0.032887742
0.016326194
0.015428129
0.000130065
0.502916129
0.001368774
0.494554839
0.458012903
0.094327742
0.532954839
0.5376
0.056980645
0.072309677
0.070110968
0.007642839
0.014009806
0.042766452
0.031649032
0.000138735
0.559587097
0.006308129
0.452129032
0.448412903
0.099994839
0.529858065
0.520877419
0.064846452
0.079494194
0.088072258
0.064629677
0.012334452
0.006391742
0.087050323
0.056330323
0.000132852
0.439122581
0.004920774
0.542864516
0.429522581
0.093739355
0.512516129
0.511896774
0.060108387
0.075592258
0.007159742
0.012901161
0.051034839
0.058033548
0.000132852
0.55803871
0.015214452
0.519329032
0.412180645
0.09024
0.493625806
0.48
0.058869677
0.068314839
0.026935742
0.005376
0.080144516
0.041806452
0.000141832
0.768
0.003709935
0.50043871
0.147809032
0.090456774
0.520877419
0.506632258
0.062461935
0.089403871
0.081290323
0.063421935
0.014483613
0.018264774
0.082312258
0.022752
0.000132852
0.480929032
0.015143226
0.516232258
0.436335484
0.092810323
0.514064516
0.503535484
0.061904516
0.071349677
0.06075871
0.005261419
0.064846452
0.043323871
0.014105806
0.000126968
0.390812903
0.00692129
0.505703226
0.481548387
0.099809032
0.551845161
0.547509677
0.065218065
0.093739355
0.075220645
0.089496774
0.03332129
0.064165161
0.01275871
0.05924129
0.000135948
0.431690323
0.003620129
0.505083871
0.443148387
0.091664516
0.513445161
0.515612903
0.096495484
0.079184516
0.082126452
0.092531613
0.013892129
0.002421677
0.044810323
0.000126968
0.563922581
0.005345032
0.166513548
0.532335484
0.103215484
0.59643871
0.592722581
0.086554839
0.088536774
0.076087742
0.032175484
0.062183226
0.003307355
0.043416774
0.000130065
0.501987097
0.007868903
0.019797677
0.598916129
0.119845161
0.672929032
0.655587097
0.089868387
0.074477419
0.002539355
0.062740645
0.023485935
0.068903226
0.000132852
0.491458065
0.004961032
0.582193548
0.11547871
0.684077419
0.679741935
0.094792258
0.064722581
0.041125161
0.062369032
0.033228387
0.092036129
0.000130065
0.542864516
0.000848516
0.533883871
0.112474839
0.655587097
0.639483871
0.100180645
0.080051613
0.020862968
0.043230968
0.004295226
0.103587097
0.000126968
0.534503226
0.000684387
0.604180645
0.079184516
0.666735484
0.638245161
0.076273548
0.0672
0.005032258
0.035210323
0.095256774
0.000130065
0.56763871
0.000848516
0.512516129
0.202993548
0.635148387
0.605729032
0.083272258
0.078069677
0.049981935
0.004134194
0.026130581
0.104330323
0.000126968
0.421780645
0.000684387
0.616877419
0.175772903
0.688722581
0.663948387
0.003644903
0.076830968
0.075994839
0.005227355
0.004889806
0.086957419
0.000132852
0.583741935
0.375019355
0.457393548
0.532954839
0.512516129
0.113403871
0.011789419
0.099623226
0.070978065
0.017530839
0.024572903
0.011021419
0.089868387
0.000132852
0.381832258
0.381832258
0.490529032
0.587458065
0.587458065
0.140067097
0.012452129
0.108108387
0.09696
0.062647742
0.059643871
0.005434839
0.015332129
0.045925161
0.000135948
0.681290323
0.48836129
0.405987097
0.478451613
0.47163871
0.10848
0.006462968
0.11643871
0.021971613
0.116252903
0.088536774
0.086864516
0.013656774
0.002619871
0.035643871
0.030382452
0.000130065
0.521806452
0.511896774
0.442219355
0.5088
0.512516129
0.011009032
0.123437419
0.018357677
0.000353032
0.045274839
0.10299871
0.084387097
0.077016774
0.031370323
0.002706581
0.053016774
0.044810323
0.000132852
0.399174194
0.432309677
0.476283871
0.541935484
0.538219355
0.070792258
0.006354581
0.12740129
0.100366452
0.086369032
0.086369032
0.053016774
0.008847484
0.047969032
0.041527742
0.000126968
0.456774194
0.47163871
0.464825806
0.505083871
0.492077419
0.062183226
0.002694194
0.116067097
0.092624516
0.089682581
0.015474581
0.006472258
0.007618065
0.009615484
0.000126968
0.372232258
0.558658065
0.489290323
0.540696774
0.527690323
0.065125161
0.003768774
0.123623226
0.098849032
0.078255484
0.078162581
0.019868903
0.003229935
0.012049548
0.038554839
0.000126968
0.611612903
0.471019355
0.452129032
0.493625806
0.473187097
0.060665806
0.00891871
0.105661935
0.085068387
0.082126452
0.079277419
0.013938581
0.024099097
0.047690323
0.05595871
0.000135948
0.520877419
0.532335484
0.422709677
0.471019355
0.473187097
0.06171871
0.003533419
0.123220645
0.088072258
0.085068387
0.073331613
0.037656774
0.047256774
0.003010065
0.018521806
0.000132852
0.443767742
0.46203871
0.478451613
0.528619355
0.515612903
0.067571613
0.015545806
0.131179355
0.087329032
0.087700645
0.092717419
0.013090065
0.024712258
0.006274065
0.000130065
0.4704
0.294843871
0.486812903
0.568567742
0.536670968
0.065125161
0.013467871
0.135700645
0.080887742
0.074477419
0.072402581
0.016254968
0.004654452
0.031803871
0.000130065
0.523045161
0.5088
0.432309677
0.506632258
0.466374194
0.063793548
0.010807742
0.124180645
0.087329032
0.052459355
0.042859355
0.003802839
0.03648
0.000126968
0.672
0.532954839
0.393290323
0.442219355
0.396077419
0.05444129
0.005403871
0.105290323
0.104330323
0.106405161
0.002396903
0.064629677
0.029958194
0.025848774
0.000132852
0.48
0.493006452
0.435406452
0.494554839
0.469470968
0.062090323
0.007655226
0.128144516