25.99432258
23.50451613
3.001703226
3.182864516
15.17109677
2.363458065
0.039855484
201.6
8.122529032
172.1496774
103.3083871
23.00023742
23.5323871
134.7096774
134.523871
7.49691871
26.03148387
1.584
5.372593548
16.89909677
7.782503226
0.039855484
178.4670968
4.387819355
165.3677419
111.9483871
6.53444129
24.15483871
141.12
139.7264516
11.25485419
3.639948387
6.163819355
21.00541935
25.45548387
0.622451613
1.236541935
9.847741935
2.200877419
0.039019355
118.8232258
9.143535484
182.3690323
129.3212903
6.93339871
28.52129032
155.7987097
154.0335484
20.15281548
5.687287742
21.15406452
23.5323871
17.60516129
6.003406452
3.483870968
8.704103226
14.10270968
0.040784516
143.3496774
5.458064516
191.1948387
115.1070968
9.012851613
25.45548387
146.043871
145.3935484
14.26779871
10.24648258
23.6996129
4.075664516
9.764129032
9.699096774
20.21574194
0.041620645
100.5212903
4.59963871
157.8425806
127.2774194
5.365594839
29.376
161.7445161
161.9303226
29.14398968
24.47070968
23.33729032
20.58735484
1.064670968
15.25470968
9.383225806
22.23174194
0.039855484
176.0516129
4.083096774
152.9187097
108.2322581
32.32103226
24.04335484
144
142.4206452
27.33212903
18.25548387
11.05548387
4.153703226
15.25470968
9.143535484
0.041620645
156.7277419
4.288412903
164.4387097
121.3316129
34.4763871
22.99354839
145.5793548
143.5354839
25.82709677
20.58735484
12.07741935
5.181212903
19.38890323
2.261264516
0.039855484
167.4116129
4.181574194
171.6851613
109.0683871
35.66554839
25.5483871
140.1909677
139.7264516
19.98348387
17.09419355
7.527019355
13.08077419
19.45393548
19.41677419
0.039019355
149.4812903
7.79643871
71.89780645
137.8683871
39.86477419
29.76619355
172.8
173.2645161
24.38709677
18.76645161
13.6196129
17.92103226
18.76645161
8.71803871
0.037254194
124.0258065
5.245316129
1.39076129
167.1329032
43.66451613
34.36490323
199.556129
196.676129
27.41574194
18.68283871
6.208722581
17.89316129
3.806245161
7.151690323
0.038090323
171.4993548
3.820180645
0.568567742
157.1922581
43.72025806
34.02116129
193.5174194
191.4735484
20.16
19.73264516
12.37470968
19.24954839
11.16696774
9.299612903
0.039855484
136.5677419
2.048516129
0.278709677
163.7883871
43.04206452
35.55406452
199.556129
197.3264516
25.49264516
22.20387097
5.195148387
21.40490323
1.609083871
2.310503226
0.038090323
135.6387097
4.542967742
0.241548387
170.2916129
47.97522581
34.98735484
201.8787097
198.72
24.52645161
20.0763871
21.29341935
1.118554839
19.30529032
3.855483871
0.877006452
0.039019355
170.1058065
3.338012903
0.278709677
165.8322581
47.74296774
35.15458065
193.8890323
186.4567742
25.60412903
17.89316129
1.882219355
19.53754839
3.327793548
11.48283871
0.039019355
133.1303226
2.782451613
0.241548387
170.756129
45.64335484
36.06503226
204.8516129
203.2722581
23.6996129
19.13806452
18.62709677
8.647432258
16.22090323
4.812387097
15.93290323
0.037254194
162.3948387
4.911793548
106.56
132.0154839
29.376
28.94864516
165.5535484
162.3948387
31.69858065
24.41496774
17.03845161
1.789316129
19.64903226
10.35870968
15.28258065
0.040784516
111.0193548
0.4608
133.5948387
134.9883871
40.83096774
29.03225806
165.5535484
163.0451613
27.19277419
23.02141935
4.189006452
8.505290323
3.128980645
11.59432258
0.039855484
173.5432258
5.202580645
154.2193548
124.3045161
5.541584516
26.73754839
151.2464516
150.1316129
0.056119742
0.158777806
25.31612903
21.20980645
4.075664516
10.78606452
6.960309677
14.7716129
0.039019355
135.4529032
0.493316129
136.2890323
139.076129
30.78812903
167.1329032
164.9032258
1.08603871
1.895857548
25.37187097
24.26632258
7.116387097
8.307406452
16.63896774
12.74632258
0.039019355
122.9109677
4.046864516
150.4103226
124.4903226
29.99845161
161.4658065
158.9574194
0.949470968
18.79432258
19.05445161
23.13290323
8.292541935
5.968103226
1.740077419
22.11096774
0.039019355
165.0890323
2.5344
148.3664516
114.2709677
28.24258065
151.5251613
150.8748387
17.46580645
20.55948387
23.36516129
24.32206452
19.48180645
7.200929032
4.770580645
4.947096774
24.07122581
0.039855484
147.9019355
5.995974194
146.7870968
113.9922581
27.87096774
151.0606452
154.2193548
18.25548387
22.90993548
23.84825806
21.91587097
26.17083871
10.96258065
3.001703226
16.07225806
18.0603871
0.039855484
161.9303226
5.372593548
142.6993548
122.2606452
25.85496774
149.2025806
151.5251613
17.35432258
6.062740645
0.06404129
22.59406452
23.04929032
19.67690323
12.34683871
17.41006452
15.53341935
0.038090323
156.9135484
2.984051613
158.9574194
115.1070968
23.87612903
144.2787097
144.7432258
17.7723871
23.58812903
19.02658065
12.10529032
9.866322581
4.897858065
4.62843871
0.039019355
150.8748387
0.410632258
148.3664516
137.403871
28.29832258
159.8864516
161.28
17.09419355
21.69290323
21.03329032
2.292851613
4.202941935
12.82993548
9.494709677
0.041620645
167.876129
1.89243871
135.6387097
134.523871
29.99845161
158.9574194
156.2632258
19.45393548
23.84825806
26.42167742
19.38890323
3.700335484
1.917522581
26.11509677
16.89909677
0.039855484
131.7367742
1.476232258
162.8593548
128.8567742
28.12180645
153.7548387
153.5690323
18.03251613
22.67767742
2.147922581
3.870348387
15.31045161
17.41006452
0.039855484
167.4116129
4.564335484
155.7987097
123.6541935
27.072
148.0877419
144
17.66090323
20.49445161
8.080722581
1.6128
24.04335484
12.54193548
0.042549677
230.4
1.112980645
150.1316129
44.34270968
27.13703226
156.2632258
151.9896774
18.73858065
26.82116129
24.38709677
19.02658065
4.345083871
5.479432258
24.69367742
6.8256
0.039855484
144.2787097
4.542967742
154.8696774
130.9006452
27.84309677
154.2193548
151.0606452
18.57135484
21.40490323
18.2276129
1.578425806
19.45393548
12.99716129
4.231741935
0.038090323
117.243871
2.076387097
151.7109677
144.4645161
29.94270968
165.5535484
164.2529032
19.56541935
28.12180645
22.56619355
26.84903226
9.996387097
19.24954839
3.827612903
17.7723871
0.040784516
129.5070968
1.08603871
151.5251613
132.9445161
27.49935484
154.0335484
154.683871
28.94864516
23.75535484
24.63793548
27.75948387
4.16763871
0.726503226
13.44309677
0.038090323
169.1767742
1.603509677
49.95406452
159.7006452
30.96464516
178.9316129
177.8167742
25.96645161
26.56103226
22.82632258
9.652645161
18.65496774
0.992206452
13.02503226
0.039019355
150.596129
2.360670968
5.939303226
179.6748387
35.95354839
201.8787097
196.676129
26.96051613
22.34322581
0.761806452
18.82219355
7.045780645
20.67096774
0.039855484
147.4374194
1.488309677
174.6580645
34.6436129
205.2232258
203.9225806
28.43767742
19.41677419
12.33754839
18.71070968
9.968516129
27.61083871
0.039019355
162.8593548
0.254554839
160.1651613
33.74245161
196.676129
191.8451613
30.05419355
24.01548387
6.258890323
12.96929032
1.288567742
31.07612903
0.038090323
160.3509677
0.205316129
181.2541935
23.75535484
200.0206452
191.4735484
22.88206452
20.16
1.509677419
10.56309677
28.57703226
0.039019355
170.2916129
0.254554839
153.7548387
60.89806452
190.5445161
181.7187097
24.98167742
23.42090323
14.99458065
1.240258065
7.839174194
31.29909677
0.038090323
126.5341935
0.205316129
185.0632258
43.4159071
206.6167742
199.1845161
0.051028645
23.04929032
22.79845161
1.568206452
1.466941935
26.08722581
0.039855484
175.1225806
112.5058065
137.2180645
159.8864516
153.7548387
28.35096774
0.601260387
1.394725161
21.29341935
5.259251613
7.371870968
3.306425806
26.96051613
0.039855484
114.5496774
114.5496774
147.1587097
176.2374194
176.2374194
41.59992774
3.73563871
0.324325161
29.088
18.79432258
17.89316129
1.630451613
4.59963871
13.77754839
0.040784516
204.3870968
146.5083871
121.796129
143.5354839
141.4916129
15.07872
1.938890323
0.698632258
0.263659355
10.6952671
26.56103226
26.05935484
4.097032258
0.78596129
10.69316129
9.114735484
0.039019355
156.5419355
153.5690323
132.6658065
152.64
153.7548387
3.302709677
37.03122581
0.422226581
0.006707613
4.799132903
30.8996129
25.31612903
23.10503226
9.411096774
0.811974194
15.90503226
13.44309677
0.039855484
119.7522581
129.6929032
142.8851613
162.5806452
161.4658065
21.23767742
1.906374194
38.2203871
30.10993548
25.91070968
25.91070968
15.90503226
2.654245161
14.39070968
12.45832258
0.038090323
137.0322581
141.4916129
139.4477419
151.5251613
147.6232258
18.65496774
0.808258065
34.82012903
27.78735484
26.90477419
4.642374194
1.941677419
2.285419355
2.884645161
0.038090323
111.6696774
167.5974194
146.7870968
162.2090323
158.3070968
19.53754839
1.130632258
37.08696774
29.65470968
23.47664516
23.44877419
5.960670968
0.968980645
3.614864516
11.56645161
0.038090323
183.483871
141.3058065
135.6387097
148.0877419
141.956129
18.19974194
2.675612903
31.69858065
25.52051613
24.63793548
23.78322581
4.181574194
7.229729032
14.30709677
16.7876129
0.040784516
156.2632258
159.7006452
126.8129032
141.3058065
141.956129
18.5156129
1.060025806
36.96619355
26.42167742
25.52051613
21.99948387
11.29703226
14.17703226
0.903019355
5.556541935
0.039855484
133.1303226
138.6116129
143.5354839
158.5858065
154.683871
20.27148387
4.663741935
39.35380645
26.19870968
26.31019355
27.81522581
3.927019355
7.413677419
1.882219355
0.039019355
141.12
88.45316129
146.043871
170.5703226
161.0012903
19.53754839
4.04036129
40.71019355
24.26632258
22.34322581
21.72077419
4.876490323
1.396335484
9.54116129
0.039019355
156.9135484
152.64
129.6929032
151.9896774
139.9122581
19.13806452
3.242322581
37.25419355
26.19870968
15.73780645
12.85780645
1.140851613
10.944
0.038090323
201.6
159.8864516
117.9870968
132.6658065
118.8232258
16.3323871
1.62116129
31.58709677
31.29909677
31.92154839
0.719070968
19.38890323
8.987458065
7.754632258
0.039855484
144
147.9019355
130.6219355
148.3664516
140.8412903
18.62709677
2.296567742
38.44335484