274.01
276.50
297.00
296.82
284.83
297.64
299.96
98.40
291.88
127.85
196.69
211.00
276.47
165.29
165.48
58.50
273.97
298.42
294.63
283.10
292.22
299.96
121.53
295.61
134.63
188.05
77.47
275.85
158.88
160.27
110.75
26.36
57.84
278.99
274.54
299.38
298.76
290.15
297.80
299.96
181.18
290.86
117.63
170.68
66.07
271.48
144.20
145.97
157.85
43.31
278.85
276.47
282.39
294.00
296.52
291.30
285.90
299.96
156.65
294.54
108.81
184.89
75.99
274.54
153.96
154.61
122.73
67.75
276.30
295.92
290.24
290.30
279.78
299.96
199.48
295.40
142.16
172.72
50.63
270.62
138.26
138.07
214.86
275.53
276.66
279.41
298.94
284.75
290.62
277.77
299.96
123.95
295.92
147.08
191.77
267.68
275.96
156.00
157.58
272.67
281.74
288.94
295.85
284.75
290.86
299.96
143.27
295.71
135.56
178.67
265.52
277.01
154.42
156.46
274.17
279.41
287.92
294.82
280.61
297.74
299.96
132.59
295.82
128.31
190.93
264.33
274.45
159.81
160.27
280.02
282.91
292.47
286.92
280.55
280.58
299.96
150.52
292.20
228.10
162.13
260.14
270.23
127.20
126.74
275.61
281.23
286.38
282.08
281.23
291.28
299.96
175.97
294.75
298.61
132.87
256.34
265.64
100.44
103.32
272.58
281.32
293.79
282.11
296.19
292.85
299.96
128.50
296.18
299.43
142.81
256.28
265.98
106.48
108.53
279.84
280.27
287.63
280.75
288.83
290.70
299.96
163.43
297.95
299.72
136.21
256.96
264.45
100.44
102.67
274.51
277.80
294.80
278.60
298.39
297.69
299.96
164.36
295.46
299.76
129.71
252.02
265.01
98.12
101.28
275.47
279.92
278.71
298.88
280.69
296.14
299.12
299.96
129.89
296.66
299.72
134.17
252.26
264.85
106.11
113.54
274.40
282.11
298.12
280.46
296.67
288.52
299.96
166.87
297.22
299.76
129.24
254.36
263.93
95.15
96.73
276.30
280.86
281.37
291.35
283.78
295.19
284.07
299.96
137.61
295.09
193.44
167.98
270.62
271.05
134.45
137.61
268.30
275.59
282.96
298.21
280.35
289.64
284.72
299.96
188.98
299.54
166.41
165.01
259.17
270.97
134.45
136.95
272.81
276.98
295.81
291.49
296.87
288.41
299.96
126.46
294.80
145.78
175.70
53.46
273.26
148.75
149.87
12.94
57.84
274.68
278.79
295.92
289.21
293.04
285.23
299.96
164.55
299.51
163.71
160.92
269.21
132.87
135.10
298.91
66.10
274.63
275.73
292.88
291.69
283.36
287.25
299.96
177.09
295.95
149.59
175.51
270.00
138.53
141.04
299.05
281.21
280.95
276.87
291.71
294.03
298.26
277.89
299.96
134.91
297.47
151.63
185.73
271.76
148.47
149.13
282.53
279.44
276.63
275.68
280.52
292.80
295.23
295.05
275.93
299.96
152.10
294.00
153.21
186.01
272.13
148.94
145.78
281.74
277.09
276.15
278.08
273.83
289.04
297.00
283.93
281.94
299.96
138.07
294.63
157.30
177.74
274.15
150.80
148.47
282.65
126.94
9.94
277.41
276.95
280.32
287.65
282.59
284.47
299.96
143.09
297.02
141.04
184.89
276.12
155.72
155.26
282.23
276.41
280.97
287.89
290.13
295.10
295.37
299.96
149.13
299.59
151.63
162.60
271.70
140.11
138.72
282.91
278.31
278.97
297.71
295.80
287.17
290.51
299.96
132.12
298.11
164.36
165.48
270.00
141.04
143.74
280.55
276.15
273.58
280.61
296.30
298.08
273.88
283.10
299.96
168.26
298.52
137.14
171.14
271.88
146.25
146.43
281.97
277.32
297.85
296.13
284.69
282.59
299.96
132.59
295.44
144.20
176.35
272.93
151.91
156.00
282.34
279.51
291.92
298.39
275.96
287.46
299.96
69.60
298.89
149.87
255.66
272.86
143.74
148.01
281.26
273.18
275.61
280.97
295.65
294.52
275.31
293.17
299.96
155.72
295.46
145.13
169.10
272.16
145.78
148.94
281.43
278.60
281.77
298.42
280.55
287.00
295.77
299.96
182.76
297.92
148.29
155.54
270.06
134.45
135.75
280.43
271.88
277.43
273.15
290.00
280.75
296.17
282.23
299.96
170.49
298.91
148.47
167.06
272.50
145.97
145.32
271.05
276.24
275.36
272.24
295.83
299.27
286.56
299.96
130.82
298.40
250.05
140.30
269.04
121.07
122.18
274.03
273.44
277.17
290.35
281.35
299.01
286.97
299.96
149.40
297.64
294.06
120.33
264.05
98.12
103.32
273.04
277.66
299.24
281.18
292.95
279.33
299.96
152.56
298.51
125.34
265.36
94.78
96.08
271.56
280.58
287.66
281.29
290.03
272.39
299.96
137.14
299.75
139.83
266.26
103.32
108.15
269.95
275.98
293.74
287.03
298.71
268.92
299.96
139.65
299.79
118.75
276.24
99.98
108.53
277.12
279.84
298.49
289.44
271.42
299.96
129.71
299.75
146.25
239.10
109.46
118.28
275.02
276.58
285.01
298.76
292.16
268.70
299.96
173.47
299.79
114.94
203.58
93.38
100.82
13.95
276.95
277.20
298.43
298.53
273.91
299.96
124.88
187.49
162.78
140.11
146.25
221.65
50.40
12.61
278.71
294.74
292.63
296.69
273.04
299.96
185.45
185.45
152.84
123.76
123.76
255.40
296.26
2.68
270.91
281.21
282.11
298.37
295.40
286.22
299.96
95.61
153.49
178.20
156.46
158.51
123.92
298.06
5.30
11.74
81.30
273.44
273.94
295.90
299.21
289.31
290.89
299.96
143.46
146.43
167.33
147.36
146.25
296.70
262.97
22.58
18.99
101.20
269.10
274.68
276.89
290.59
299.19
284.09
286.56
299.96
180.25
170.31
157.11
137.42
138.53
278.76
298.09
261.78
269.89
274.09
274.09
284.09
297.35
285.61
287.54
299.96
162.97
158.51
160.55
148.47
152.38
281.35
299.19
265.18
272.21
273.10
295.36
298.06
297.71
297.12
299.96
188.33
132.40
153.21
137.79
141.69
280.46
298.87
262.91
270.35
276.52
276.55
294.04
299.03
296.39
288.43
299.96
116.52
158.69
164.36
151.91
158.04
281.80
297.32
268.30
274.48
275.36
276.22
295.82
292.77
285.69
283.21
299.96
143.74
140.30
173.19
158.69
158.04
281.48
298.94
263.03
273.58
274.48
278.00
288.70
285.82
299.10
294.44
299.96
166.87
161.39
156.46
141.41
145.32
279.73
295.34
260.65
273.80
273.69
272.18
296.07
292.59
298.12
299.96
158.88
211.55
153.96
129.43
139.00
280.46
295.96
259.29
275.73
277.66
278.28
295.12
298.60
290.46
299.96
143.09
147.36
170.31
148.01
160.09
280.86
296.76
262.75
273.80
284.26
287.14
298.86
289.06
299.96
98.40
140.11
182.01
167.33
181.18
283.67
298.38
268.41
268.70
268.08
299.28
280.61
291.01
292.25
299.96
156.00
152.10
169.38
151.63
159.16
281.37
297.70
261.56