0.052668235
0.047623529
0.006081882
0.006448941
0.030738824
0.004788706
8.07529E-05
0.408470588
0.016457412
0.3488
0.209317647
0.059745882
0.04768
0.272941176
0.272564706
0.069044706
0.052743529
0.003209412
0.010885647
0.03424
0.015768471
8.07529E-05
0.3616
0.008890353
0.335058824
0.226823529
0.047284706
0.048941176
0.285929412
0.283105882
0.056075294
0.073750588
0.058541176
0.04256
0.051576471
0.001261176
0.002505412
0.019952941
0.004459294
7.90588E-05
0.240752941
0.018526118
0.369505882
0.262023529
0.057731765
0.057788235
0.315670588
0.312094118
0.068818824
0.070550588
0.042861176
0.04768
0.035670588
0.012163765
0.007058824
0.017635765
0.028574118
8.26353E-05
0.290447059
0.011058824
0.387388235
0.233223529
0.064451765
0.051576471
0.295905882
0.294588235
0.063303529
0.079849412
0.048018824
0.008257882
0.019783529
0.019651765
0.04096
8.43294E-05
0.203670588
0.009319529
0.319811765
0.257882353
0.05824
0.05952
0.327717647
0.328094118
0.072602353
0.049581176
0.047284706
0.041712941
0.002157176
0.030908235
0.019011765
0.045044706
8.07529E-05
0.356705882
0.008272941
0.309835294
0.219294118
0.065487059
0.048715294
0.291764706
0.288564706
0.055378824
0.036988235
0.0224
0.008416
0.030908235
0.018526118
8.43294E-05
0.317552941
0.008688941
0.333176471
0.245835294
0.069854118
0.046588235
0.294964706
0.290823529
0.052329412
0.041712941
0.024470588
0.010497882
0.039284706
0.004581647
8.07529E-05
0.3392
0.008472471
0.347858824
0.220988235
0.072263529
0.051764706
0.284047059
0.283105882
0.040489412
0.034635294
0.015250824
0.026503529
0.039416471
0.039341176
7.90588E-05
0.302870588
0.015796706
0.145675294
0.279341176
0.080771765
0.060310588
0.350117647
0.351058824
0.049411765
0.038023529
0.027595294
0.036310588
0.038023529
0.017664
7.54824E-05
0.251294118
0.010627765
0.002817882
0.338635294
0.088470588
0.069628235
0.404329412
0.398494118
0.055548235
0.037854118
0.012579765
0.036254118
0.007712
0.014490353
7.71765E-05
0.347482353
0.007740235
0.001152
0.318494118
0.088583529
0.068931765
0.392094118
0.387952941
0.040847059
0.039981176
0.025072941
0.039002353
0.022625882
0.018842353
8.07529E-05
0.276705882
0.004150588
0.000564706
0.331858824
0.087209412
0.072037647
0.404329412
0.399811765
0.051651765
0.044988235
0.010526118
0.043369412
0.003260235
0.004681412
7.71765E-05
0.274823529
0.009204706
0.000489412
0.345035294
0.097204706
0.070889412
0.409035294
0.402635294
0.049694118
0.040677647
0.043143529
0.002266353
0.039115294
0.007811765
0.001776941
7.90588E-05
0.344658824
0.006763294
0.000564706
0.336
0.096734118
0.071228235
0.392847059
0.377788235
0.051877647
0.036254118
0.003813647
0.039585882
0.006742588
0.023265882
7.90588E-05
0.269741176
0.005637647
0.000489412
0.345976471
0.09248
0.073072941
0.415058824
0.411858824
0.048018824
0.038776471
0.037741176
0.017520941
0.032865882
0.009750588
0.032282353
7.54824E-05
0.329035294
0.009952
0.215905882
0.267482353
0.05952
0.058654118
0.335435294
0.329035294
0.064225882
0.049468235
0.034522353
0.003625412
0.039811765
0.020988235
0.030964706
8.26353E-05
0.224941176
0.000933647
0.270682353
0.273505882
0.082729412
0.058823529
0.335435294
0.330352941
0.055096471
0.046644706
0.008487529
0.017232941
0.006339765
0.023491765
8.07529E-05
0.351623529
0.010541176
0.312470588
0.251858824
0.057091765
0.054174118
0.306447059
0.304188235
0.002624
0.001664
0.051294118
0.042974118
0.008257882
0.021854118
0.014102588
0.029929412
7.90588E-05
0.274447059
0.000999529
0.276141176
0.281788235
0.062381176
0.338635294
0.334117647
0.002200471
0.016946824
0.051407059
0.049167059
0.014418824
0.016832
0.033712941
0.025825882
7.90588E-05
0.249035294
0.008199529
0.304752941
0.252235294
0.060781176
0.327152941
0.322070588
0.001923765
0.03808
0.038607059
0.046870588
0.016801882
0.012092235
0.003525647
0.0448
7.90588E-05
0.334494118
0.005135059
0.300611765
0.231529412
0.057223529
0.307011765
0.305694118
0.035388235
0.041656471
0.047341176
0.04928
0.039472941
0.014590118
0.009665882
0.010023529
0.048771765
8.07529E-05
0.299670588
0.012148706
0.297411765
0.230964706
0.056470588
0.306070588
0.312470588
0.036988235
0.046418824
0.04832
0.044404706
0.053025882
0.022211765
0.006081882
0.032564706
0.036592941
8.07529E-05
0.328094118
0.010885647
0.289129412
0.247717647
0.052385882
0.302305882
0.307011765
0.035162353
0.027708235
0.003892706
0.045778824
0.046701176
0.039868235
0.025016471
0.035275294
0.031472941
7.71765E-05
0.317929412
0.006046118
0.322070588
0.233223529
0.048376471
0.292329412
0.293270588
0.036009412
0.047792941
0.038550588
0.024527059
0.019990588
0.009923765
0.009377882
7.90588E-05
0.305694118
0.000832
0.300611765
0.2784
0.057336471
0.323952941
0.326776471
0.034635294
0.043952941
0.042616471
0.004645647
0.008515765
0.025995294
0.019237647
8.43294E-05
0.340141176
0.003834353
0.274823529
0.272564706
0.060781176
0.322070588
0.316611765
0.039416471
0.04832
0.053534118
0.039284706
0.007497412
0.003885176
0.052912941
0.03424
8.07529E-05
0.266917647
0.002991059
0.329976471
0.261082353
0.056978824
0.311529412
0.311152941
0.036536471
0.045948235
0.004352
0.007841882
0.031021176
0.035275294
8.07529E-05
0.3392
0.009248
0.315670588
0.250541176
0.054851765
0.300047059
0.291764706
0.035783529
0.041524706
0.016372706
0.003267765
0.048715294
0.025411765
8.62118E-05
0.466823529
0.002255059
0.304188235
0.089844706
0.054983529
0.316611765
0.307952941
0.037967059
0.054343529
0.049411765
0.038550588
0.008803765
0.011102118
0.050032941
0.013829647
8.07529E-05
0.292329412
0.009204706
0.313788235
0.265223529
0.056414118
0.312470588
0.306070588
0.037628235
0.043369412
0.036931765
0.003198118
0.039416471
0.026334118
0.008574118
7.71765E-05
0.237552941
0.004207059
0.307388235
0.292705882
0.060668235
0.335435294
0.3328
0.039642353
0.056978824
0.045722353
0.0544
0.020254118
0.039002353
0.007755294
0.036009412
8.26353E-05
0.2624
0.002200471
0.307011765
0.269364706
0.055717647
0.312094118
0.313411765
0.058654118
0.048131765
0.04992
0.056244706
0.008444235
0.001472
0.027237647
7.71765E-05
0.342776471
0.003248941
0.101214118
0.323576471
0.062738824
0.362541176
0.360282353
0.052611765
0.053816471
0.046249412
0.019557647
0.037797647
0.002010353
0.026390588
7.90588E-05
0.305129412
0.004783059
0.012033882
0.364047059
0.072847059
0.409035294
0.398494118
0.054625882
0.045270588
0.001543529
0.038136471
0.014275765
0.041882353
8.07529E-05
0.298729412
0.003015529
0.353882353
0.070192941
0.415811765
0.413176471
0.057618824
0.039341176
0.024997647
0.037910588
0.020197647
0.055943529
7.90588E-05
0.329976471
0.000515765
0.324517647
0.068367059
0.398494118
0.388705882
0.060894118
0.048658824
0.012681412
0.026277647
0.002610824
0.062964706
7.71765E-05
0.324894118
0.000416
0.367247059
0.048131765
0.405270588
0.387952941
0.046362353
0.040847059
0.003058824
0.021402353
0.057901176
7.90588E-05
0.345035294
0.000515765
0.311529412
0.123388235
0.386070588
0.368188235
0.050616471
0.047454118
0.030381176
0.002512941
0.015883294
0.063416471
7.71765E-05
0.256376471
0.000416
0.374964706
0.106842353
0.418635294
0.403576471
0.002215529
0.046701176
0.046192941
0.003177412
0.002972235
0.052856471
8.07529E-05
0.354823529
0.227952941
0.278023529
0.323952941
0.311529412
0.068931765
0.007166118
0.060555294
0.043143529
0.010656
0.014936471
0.006699294
0.054625882
8.07529E-05
0.232094118
0.232094118
0.298164706
0.357082353
0.357082353
0.085138824
0.007568941
0.065712941
0.058936471
0.03808
0.036254118
0.003303529
0.009319529
0.027915294
8.26353E-05
0.414117647
0.296847059
0.246776471
0.290823529
0.286682353
0.065938824
0.003928471
0.070776471
0.013355294
0.070663529
0.053816471
0.0528
0.008301176
0.001592471
0.021665882
0.018467765
7.90588E-05
0.317176471
0.311152941
0.2688
0.309270588
0.311529412
0.006691765
0.075030588
0.011158588
0.000214588
0.02752
0.062607059
0.051294118
0.046814118
0.019068235
0.001645176
0.032225882
0.027237647
8.07529E-05
0.242635294
0.262776471
0.289505882
0.329411765
0.327152941
0.043030588
0.003862588
0.07744
0.061007059
0.052498824
0.052498824
0.032225882
0.005377882
0.029157647
0.025242353
7.71765E-05
0.277647059
0.286682353
0.282541176
0.307011765
0.299105882
0.037797647
0.001637647
0.070550588
0.056301176
0.054512941
0.009406118
0.003934118
0.004630588
0.005844706
7.71765E-05
0.226258824
0.339576471
0.297411765
0.328658824
0.320752941
0.039585882
0.002290824
0.075143529
0.060084706
0.047567059
0.047510588
0.012077176
0.001963294
0.007324235
0.023435294
7.71765E-05
0.371764706
0.286305882
0.274823529
0.300047059
0.287623529
0.036875294
0.005421176
0.064225882
0.051708235
0.04992
0.048188235
0.008472471
0.014648471
0.028988235
0.034014118
8.26353E-05
0.316611765
0.323576471
0.256941176
0.286305882
0.287623529
0.037515294
0.002147765
0.074898824
0.053534118
0.051708235
0.044574118
0.022889412
0.028724706
0.001829647
0.011258353
8.07529E-05
0.269741176
0.280847059
0.290823529
0.321317647
0.313411765
0.041072941
0.009449412
0.079736471
0.053082353
0.053308235
0.056357647
0.007956706
0.015021176
0.003813647
7.90588E-05
0.285929412
0.179218824
0.295905882
0.3456
0.326211765
0.039585882
0.008186353
0.082484706
0.049167059
0.045270588
0.044009412
0.009880471
0.002829176
0.019331765
7.90588E-05
0.317929412
0.309270588
0.262776471
0.307952941
0.283482353
0.038776471
0.006569412
0.075482353
0.053082353
0.031887059
0.026051765
0.002311529
0.022174118
7.71765E-05
0.408470588
0.323952941
0.239058824
0.2688
0.240752941
0.033091765
0.003284706
0.064
0.063416471
0.064677647
0.001456941
0.039284706
0.018209882
0.015712
8.07529E-05
0.291764706
0.299670588
0.264658824
0.300611765
0.285364706
0.037741176
0.004653176
0.077891765