15.80047059
14.28705882
1.824564706
1.934682353
9.221647059
1.436611765
0.024225882
122.5411765
4.937223529
104.64
62.79529412
13.98053647
14.304
81.88235294
81.76941176
4.556950588
15.82305882
0.962823529
3.265694118
10.272
4.730541176
0.024225882
108.48
2.667105882
100.5176471
68.04705882
3.971915294
14.68235294
85.77882353
84.93176471
6.841185882
2.212517647
3.746635294
12.768
15.47294118
0.378352941
0.751623529
5.985882353
1.337788235
0.023717647
72.22588235
5.557835294
110.8517647
78.60705882
4.214418824
17.33647059
94.70117647
93.62823529
12.24975059
3.456978824
12.85835294
14.304
10.70117647
3.649129412
2.117647059
5.290729412
8.572235294
0.024790588
87.13411765
3.317647059
116.2164706
69.96705882
5.4784
15.47294118
88.77176471
88.37647059
8.672583529
6.228254118
14.40564706
2.477364706
5.935058824
5.895529412
12.288
0.025298824
61.10117647
2.795858824
95.94352941
77.36470588
3.26144
17.856
98.31529412
98.42823529
17.71497412
14.87435294
14.18541176
12.51388235
0.647152941
9.272470588
5.703529412
13.51341176
0.024225882
107.0117647
2.481882353
92.95058824
65.78823529
19.64611765
14.61458824
87.52941176
86.56941176
16.61364706
11.09647059
6.72
2.5248
9.272470588
5.557835294
0.025298824
95.26588235
2.606682353
99.95294118
73.75058824
20.95623529
13.97647059
88.48941176
87.24705882
15.69882353
12.51388235
7.341176471
3.149364706
11.78541176
1.374494118
0.024225882
101.76
2.541741176
104.3576471
66.29647059
21.67905882
15.52941176
85.21411765
84.93176471
12.14682353
10.39058824
4.575247059
7.951058824
11.82494118
11.80235294
0.023717647
90.86117647
4.739011765
43.70258824
83.80235294
24.23152941
18.09317647
105.0352941
105.3176471
14.82352941
11.40705882
8.278588235
10.89317647
11.40705882
5.2992
0.022644706
75.38823529
3.188329412
0.845364706
101.5905882
26.54117647
20.88847059
121.2988235
119.5482353
16.66447059
11.35623529
3.773929412
10.87623529
2.3136
4.347105882
0.023152941
104.2447059
2.322070588
0.3456
95.54823529
26.57505882
20.67952941
117.6282353
116.3858824
12.25411765
11.99435294
7.521882353
11.70070588
6.787764706
5.652705882
0.024225882
83.01176471
1.245176471
0.169411765
99.55764706
26.16282353
21.61129412
121.2988235
119.9435294
15.49552941
13.49647059
3.157835294
13.01082353
0.978070588
1.404423529
0.023152941
82.44705882
2.761411765
0.146823529
103.5105882
29.16141176
21.26682353
122.7105882
120.7905882
14.90823529
12.20329412
12.94305882
0.679905882
11.73458824
2.343529412
0.533082353
0.023717647
103.3976471
2.028988235
0.169411765
100.8
29.02023529
21.36847059
117.8541176
113.3364706
15.56329412
10.87623529
1.144094118
11.87576471
2.022776471
6.979764706
0.023717647
80.92235294
1.691294118
0.146823529
103.7929412
27.744
21.92188235
124.5176471
123.5576471
14.40564706
11.63294118
11.32235294
5.256282353
9.859764706
2.925176471
9.684705882
0.022644706
98.71058824
2.9856
64.77176471
80.24470588
17.856
17.59623529
100.6305882
98.71058824
19.26776471
14.84047059
10.35670588
1.087623529
11.94352941
6.296470588
9.289411765
0.024790588
67.48235294
0.280094118
81.20470588
82.05176471
24.81882353
17.64705882
100.6305882
99.10588235
16.52894118
13.99341176
2.546258824
5.169882353
1.901929412
7.047529412
0.024225882
105.4870588
3.162352941
93.74117647
75.55764706
3.368414118
16.25223529
91.93411765
91.25647059
0.034112
0.096512
15.38823529
12.89223529
2.477364706
6.556235294
4.230776471
8.978823529
0.023717647
82.33411765
0.299858824
82.84235294
84.53647059
18.71435294
101.5905882
100.2352941
0.660141176
1.152384
15.42211765
14.75011765
4.325647059
5.0496
10.11388235
7.747764706
0.023717647
74.71058824
2.459858824
91.42588235
75.67058824
18.23435294
98.14588235
96.62117647
0.577129412
11.424
11.58211765
14.06117647
5.040564706
3.627670588
1.057694118
13.44
0.023717647
100.3482353
1.540517647
90.18352941
69.45882353
17.16705882
92.10352941
91.70823529
10.61647059
12.49694118
14.20235294
14.784
11.84188235
4.377035294
2.899764706
3.007058824
14.63152941
0.024225882
89.90117647
3.644611765
89.22352941
69.28941176
16.94117647
91.82117647
93.74117647
11.09647059
13.92564706
14.496
13.32141176
15.90776471
6.663529412
1.824564706
9.769411765
10.97788235
0.024225882
98.42823529
3.265694118
86.73882353
74.31529412
15.71576471
90.69176471
92.10352941
10.54870588
3.685195294
0.038927059
13.73364706
14.01035294
11.96047059
7.504941176
10.58258824
9.441882353
0.023152941
95.37882353
1.813835294
96.62117647
69.96705882
14.51294118
87.69882353
87.98117647
10.80282353
14.33788235
11.56517647
7.358117647
5.997176471
2.977129412
2.813364706
0.023717647
91.70823529
0.2496
90.18352941
83.52
17.20094118
97.18588235
98.03294118
10.39058824
13.18588235
12.78494118
1.393694118
2.554729412
7.798588235
5.771294118
0.025298824
102.0423529
1.150305882
82.44705882
81.76941176
18.23435294
96.62117647
94.98352941
11.82494118
14.496
16.06023529
11.78541176
2.249223529
1.165552941
15.87388235
10.272
0.024225882
80.07529412
0.897317647
98.99294118
78.32470588
17.09364706
93.45882353
93.34588235
10.96094118
13.78447059
1.3056
2.352564706
9.306352941
10.58258824
0.024225882
101.76
2.7744
94.70117647
75.16235294
16.45552941
90.01411765
87.52941176
10.73505882
12.45741176
4.911811765
0.980329412
14.61458824
7.623529412
0.025863529
140.0470588
0.676517647
91.25647059
26.95341176
16.49505882
94.98352941
92.38588235
11.39011765
16.30305882
14.82352941
11.56517647
2.641129412
3.330635294
15.00988235
4.148894118
0.024225882
87.69882353
2.761411765
94.13647059
79.56705882
16.92423529
93.74117647
91.82117647
11.28847059
13.01082353
11.07952941
0.959435294
11.82494118
7.900235294
2.572235294
0.023152941
71.26588235
1.262117647
92.21647059
87.81176471
18.20047059
100.6305882
99.84
11.89270588
17.09364706
13.71670588
16.32
6.076235294
11.70070588
2.326588235
10.80282353
0.024790588
78.72
0.660141176
92.10352941
80.80941176
16.71529412
93.62823529
94.02352941
17.59623529
14.43952941
14.976
16.87341176
2.533270588
0.4416
8.171294118
0.023152941
102.8329412
0.974682353
30.36423529
97.07294118
18.82164706
108.7623529
108.0847059
15.78352941
16.14494118
13.87482353
5.867294118
11.33929412
0.603105882
7.917176471
0.023717647
91.53882353
1.434917647
3.610164706
109.2141176
21.85411765
122.7105882
119.5482353
16.38776471
13.58117647
0.463058824
11.44094118
4.282729412
12.56470588
0.024225882
89.61882353
0.904658824
106.1647059
21.05788235
124.7435294
123.9529412
17.28564706
11.80235294
7.499294118
11.37317647
6.059294118
16.78305882
0.023717647
98.99294118
0.154729412
97.35529412
20.51011765
119.5482353
116.6117647
18.26823529
14.59764706
3.804423529
7.883294118
0.783247059
18.88941176
0.023152941
97.46823529
0.1248
110.1741176
14.43952941
121.5811765
116.3858824
13.90870588
12.25411765
0.917647059
6.420705882
17.37035294
0.023717647
103.5105882
0.154729412
93.45882353
37.01647059
115.8211765
110.4564706
15.18494118
14.23623529
9.114352941
0.753882353
4.764988235
19.02494118
0.023152941
76.91294118
0.1248
112.4894118
26.39006118
125.5905882
121.0729412
0.031017412
14.01035294
13.85788235
0.953223529
0.891670588
15.85694118
0.024225882
106.4470588
68.38588235
83.40705882
97.18588235
93.45882353
17.23294118
0.365472
0.847774118
12.94305882
3.1968
4.480941176
2.009788235
16.38776471
0.024225882
69.62823529
69.62823529
89.44941176
107.1247059
107.1247059
25.28623059
2.270682353
0.197138824
17.68094118
11.424
10.87623529
0.991058824
2.795858824
8.374588235
0.024790588
124.2352941
89.05411765
74.03294118
87.24705882
86.00470588
9.165496471
1.178541176
0.424658824
0.160263529
6.501044706
16.14494118
15.84
2.490352941
0.477741176
6.499764706
5.540329412
0.023717647
95.15294118
93.34588235
80.64
92.78117647
93.45882353
2.007529412
22.50917647
0.256647529
0.004077176
2.91712
18.78211765
15.38823529
14.04423529
5.720470588
0.493552941
9.667764706
8.171294118
0.024225882
72.79058824
78.83294118
86.85176471
98.82352941
98.14588235
12.90917647
1.158776471
23.232
18.30211765
15.74964706
15.74964706
9.667764706
1.613364706
8.747294118
7.572705882
0.023152941
83.29411765
86.00470588
84.76235294
92.10352941
89.73176471
11.33929412
0.491294118
21.16517647
16.89035294
16.35388235
2.821835294
1.180235294
1.389176471
1.753411765
0.023152941
67.87764706
101.8729412
89.22352941
98.59764706
96.22588235
11.87576471
0.687247059
22.54305882
18.02541176
14.27011765
14.25317647
3.623152941
0.588988235
2.197270588
7.030588235
0.023152941
111.5294118
85.89176471
82.44705882
90.01411765
86.28705882
11.06258824
1.626352941
19.26776471
15.51247059
14.976
14.45647059
2.541741176
4.394541176
8.696470588
10.20423529
0.024790588
94.98352941
97.07294118
77.08235294
85.89176471
86.28705882
11.25458824
0.644329412
22.46964706
16.06023529
15.51247059
13.37223529
6.866823529
8.617411765
0.548894118
3.377505882
0.024225882
80.92235294
84.25411765
87.24705882
96.39529412
94.02352941
12.32188235
2.834823529
23.92094118
15.92470588
15.99247059
16.90729412
2.387011765
4.506352941
1.144094118
0.023717647
85.77882353
53.76564706
88.77176471
103.68
97.86352941
11.87576471
2.455905882
24.74541176
14.75011765
13.58117647
13.20282353
2.964141176
0.848752941
5.799529412
0.023717647
95.37882353
92.78117647
78.83294118
92.38588235
85.04470588
11.63294118
1.970823529
22.64470588
15.92470588
9.566117647
7.815529412
0.693458824
6.652235294
0.023152941
122.5411765
97.18588235
71.71764706
80.64
72.22588235
9.927529412
0.985411765
19.2
19.02494118
19.40329412
0.437082353
11.78541176
5.462964706
4.7136
0.024225882
87.52941176
89.90117647
79.39764706
90.18352941
85.60941176
11.32235294
1.395952941
23.36752941