284.20
285.71
298.18
298.07
290.78
298.56
299.98
177.46
295.06
195.36
237.20
220.02
285.70
218.12
218.23
61.44
284.18
299.04
296.73
289.73
295.27
299.98
191.52
297.33
199.48
231.95
80.03
285.32
214.22
215.07
115.16
27.79
60.25
287.23
284.53
299.62
299.25
294.01
298.66
299.98
227.77
294.44
189.15
221.39
68.79
282.66
205.30
206.37
165.75
45.54
287.14
285.70
289.30
296.35
297.88
294.71
291.43
299.98
212.87
296.68
183.78
230.03
79.52
284.53
211.23
211.62
128.33
71.77
285.59
297.52
294.06
294.10
287.71
299.97
238.90
297.20
204.06
222.64
52.74
282.14
201.68
201.57
226.29
285.13
285.81
287.49
299.35
290.73
294.30
286.49
299.98
192.99
297.52
207.05
234.21
280.35
285.39
212.47
213.43
283.39
288.90
293.28
297.48
290.73
294.44
299.97
204.73
297.39
200.05
226.25
279.04
286.02
211.51
212.75
284.30
287.49
292.66
296.85
288.21
298.63
299.98
198.24
297.46
195.64
233.70
278.32
284.47
214.79
215.07
287.85
289.61
295.42
292.05
288.18
288.20
299.98
209.14
295.26
256.30
216.20
275.77
281.91
194.96
194.68
285.18
288.59
291.72
289.11
288.59
294.70
299.98
224.61
296.81
299.15
198.41
273.46
279.11
178.70
180.45
283.34
288.64
296.23
289.12
297.69
295.65
299.98
195.76
297.68
299.65
204.45
273.42
279.32
182.37
183.61
287.75
288.01
292.48
288.30
293.21
294.35
299.98
216.99
298.75
299.83
200.44
273.84
278.39
178.70
180.06
284.50
286.50
296.84
286.99
299.02
298.60
299.98
217.55
297.24
299.85
196.49
270.84
278.73
177.29
179.21
285.09
287.80
287.06
299.32
288.27
297.66
299.47
299.98
196.60
297.97
299.83
199.20
270.98
278.63
182.15
186.66
284.44
289.12
298.86
288.12
297.98
293.02
299.98
219.08
298.31
299.85
196.21
272.26
278.08
175.48
176.44
285.59
288.37
288.68
294.74
290.14
297.07
290.32
299.98
201.29
297.01
235.23
219.76
282.14
282.40
199.37
201.29
280.73
285.16
289.64
298.91
288.06
293.70
290.71
299.98
232.52
299.72
218.80
217.95
275.18
282.35
199.37
200.89
283.47
286.01
297.45
294.83
298.10
292.95
299.98
194.51
296.84
206.26
224.44
55.63
283.75
208.07
208.74
12.97
57.90
284.61
287.11
297.52
293.44
295.77
291.02
299.98
217.67
299.70
217.16
215.46
281.29
198.41
199.76
299.34
66.85
284.58
285.25
295.67
294.95
289.89
292.25
299.98
225.29
297.54
208.57
224.33
281.77
201.85
203.38
299.42
288.58
288.42
285.94
294.96
296.37
298.94
286.56
299.98
199.65
298.46
209.82
230.54
282.83
207.90
208.29
289.38
287.50
285.80
285.22
288.16
295.62
297.10
296.99
285.37
299.98
210.10
296.36
210.78
230.71
283.06
208.18
206.26
288.90
286.07
285.50
286.68
284.09
293.34
298.18
290.23
289.02
299.98
201.57
296.73
213.26
225.68
284.28
209.31
207.90
289.45
129.31
9.96
286.27
285.99
288.04
292.50
289.42
290.56
299.98
204.62
298.19
203.38
230.03
285.49
212.30
212.02
289.20
285.66
288.43
292.64
294.00
297.02
297.19
299.98
208.29
299.75
209.82
216.48
282.80
202.81
201.97
289.61
286.81
287.22
298.61
297.45
292.20
294.23
299.97
197.96
298.85
217.55
218.23
281.77
203.38
205.02
288.18
285.50
283.94
288.21
297.75
298.83
284.13
289.73
299.98
219.92
299.10
201.01
221.68
282.91
206.54
206.65
289.04
286.22
298.69
297.65
290.69
289.42
299.98
198.24
297.23
205.30
224.84
283.54
209.99
212.47
289.26
287.54
295.09
299.02
285.39
292.38
299.97
159.95
299.32
208.74
273.05
283.50
205.02
207.61
288.61
283.70
285.18
288.43
297.36
296.67
284.99
295.85
299.98
212.30
297.24
205.86
220.43
283.08
206.26
208.18
288.71
286.99
288.92
299.04
288.18
292.10
297.43
299.98
228.73
298.74
207.78
212.19
281.80
199.37
200.16
288.11
282.91
286.28
283.68
293.92
288.30
297.67
289.20
299.98
221.28
299.34
207.90
219.19
283.28
206.37
205.98
282.40
285.56
285.02
283.13
297.47
299.56
291.83
299.98
197.17
299.03
269.64
202.93
281.18
191.24
191.92
284.22
283.86
286.13
294.13
288.66
299.40
292.08
299.98
208.46
298.57
296.39
190.79
278.15
177.29
180.45
283.61
286.42
299.54
288.56
295.72
287.44
299.98
210.38
299.10
193.84
278.94
175.26
176.05
282.71
288.20
292.50
288.63
293.94
283.22
299.98
201.01
299.85
202.64
279.49
180.45
183.39
281.73
285.40
296.20
292.12
299.22
281.11
299.98
202.53
299.88
189.83
285.56
178.42
183.61
286.09
287.75
299.08
293.58
282.63
299.98
196.49
299.85
206.54
262.98
184.18
189.54
284.82
285.76
290.89
299.25
295.24
280.98
299.98
223.09
299.88
187.51
220.61
174.41
178.93
13.97
285.99
286.14
299.05
299.11
284.14
299.98
193.55
231.61
216.59
202.81
206.54
232.77
50.63
13.15
287.06
296.80
295.52
297.99
283.61
299.98
230.37
230.37
210.55
192.88
192.88
271.71
297.73
2.80
282.32
288.58
289.12
299.01
297.20
291.63
299.98
175.76
210.95
225.97
212.75
214.00
129.83
298.82
5.58
11.84
85.50
283.86
284.16
297.51
299.52
293.50
294.46
299.98
204.85
206.65
219.36
207.22
206.54
297.99
277.49
22.74
19.00
103.08
281.22
284.61
285.96
294.28
299.51
290.33
291.83
299.98
227.21
221.17
213.15
201.18
201.85
287.09
298.84
276.77
281.70
284.25
284.25
290.33
298.39
291.25
292.43
299.98
216.71
214.00
215.24
207.90
210.27
288.66
299.51
278.83
283.11
283.65
297.18
298.82
298.61
298.25
299.98
232.12
198.13
210.78
201.40
203.77
288.12
299.31
277.46
281.97
285.73
285.75
296.38
299.41
297.80
292.97
299.98
188.47
214.11
217.55
209.99
213.71
288.94
298.37
280.73
284.49
285.02
285.54
297.46
295.61
291.30
289.80
299.98
205.02
202.93
222.92
214.11
213.71
288.75
299.36
277.53
283.94
284.49
286.63
293.13
291.38
299.45
296.62
299.98
219.08
215.75
212.75
203.60
205.98
287.68
297.17
276.08
284.08
284.01
283.09
297.61
295.49
298.86
299.98
214.22
246.23
211.23
196.32
202.14
288.12
297.54
275.25
285.25
286.42
286.80
297.04
299.15
294.20
299.98
204.62
207.22
221.17
207.61
214.96
288.37
298.03
277.36
284.08
290.43
292.18
299.31
293.35
299.98
177.46
202.81
228.28
219.36
227.77
290.07
299.01
280.80
280.98
280.60
299.56
288.21
294.54
295.29
299.98
212.47
210.10
220.60
209.82
214.39
288.68
298.60
276.63