0.033395484
0.030196774
0.003856355
0.004089097
0.019490645
0.003036387
5.12271E-05
0.259
0.010435194
0.221164516
0.132722581
0.037883226
0.030232581
0.173064516
0.172825806
0.043779355
0.033443226
0.002035
0.00690229
0.021710645
0.009998355
5.12271E-05
0.229280645
0.005637129
0.212451613
0.143822581
0.029981935
0.031032258
0.1813
0.179509677
0.035555806
0.046763226
0.037119355
0.026986129
0.032703226
0.000800155
0.001588613
0.012651613
0.002827516
5.00813E-05
0.152654839
0.011746903
0.234293548
0.166141935
0.036606129
0.036641935
0.200158065
0.197890323
0.043636129
0.044734194
0.027177097
0.030232581
0.022617742
0.00771271
0.004475806
0.011182355
0.018118065
5.2361E-05
0.184164516
0.007012097
0.245632258
0.147880645
0.040867097
0.032703226
0.187625806
0.186790323
0.040139032
0.050630323
0.030447419
0.005236097
0.012544194
0.012460645
0.025971613
5.34948E-05
0.129141935
0.005909258
0.202783871
0.163516129
0.036928387
0.03774
0.207796774
0.208035484
0.046035161
0.031438065
0.029981935
0.026449032
0.001367806
0.019598065
0.012054839
0.028561613
5.12271E-05
0.226177419
0.005245645
0.196458065
0.139048387
0.041523548
0.030889032
0.185
0.182970968
0.035114194
0.023453226
0.014203226
0.005336355
0.019598065
0.011746903
5.34948E-05
0.201351613
0.005509419
0.211258065
0.155877419
0.044292581
0.029540323
0.187029032
0.184403226
0.033180645
0.026449032
0.015516129
0.006656419
0.024909355
0.002905097
5.12271E-05
0.215077419
0.005372161
0.220567742
0.140122581
0.045820323
0.032822581
0.180106452
0.179509677
0.025673226
0.02196129
0.009670129
0.016805161
0.024992903
0.024945161
5.00813E-05
0.192041935
0.010016258
0.09236871
0.177122581
0.051215161
0.03824129
0.222
0.222596774
0.031330645
0.024109677
0.017497419
0.023023548
0.024109677
0.011200258
4.78016E-05
0.15933871
0.006738774
0.001786742
0.214719355
0.056096774
0.044149355
0.256374194
0.252674194
0.035221613
0.024002258
0.007976484
0.022987742
0.004889968
0.009187935
4.89474E-05
0.220329032
0.004907871
0.00073081
0.201948387
0.056168387
0.043707742
0.248616129
0.245990323
0.0259
0.025350968
0.015898065
0.024730323
0.014346452
0.011947419
5.12271E-05
0.175451613
0.002631774
0.000357468
0.210422581
0.055297097
0.045677097
0.256374194
0.253509677
0.032750968
0.028525806
0.006674323
0.027499355
0.002067226
0.002968355
4.89474E-05
0.174258065
0.005836452
0.0003108
0.218777419
0.061634839
0.044949032
0.259358065
0.2553
0.031509677
0.025792581
0.027356129
0.001437032
0.024801935
0.004953226
0.001126829
5.00813E-05
0.21853871
0.004288419
0.000357468
0.213048387
0.061336452
0.045163871
0.249093548
0.239545161
0.032894194
0.022987742
0.002418129
0.025100323
0.00427529
0.014752258
5.00813E-05
0.171035484
0.003574677
0.0003108
0.219374194
0.058639032
0.046333548
0.263177419
0.261148387
0.030447419
0.024587097
0.023930645
0.011109548
0.020839355
0.006182581
0.020469355
4.78016E-05
0.208632258
0.00631029
0.1369
0.169603226
0.03774
0.037190968
0.212690323
0.208632258
0.040723871
0.031366452
0.021889677
0.002298774
0.025243548
0.013308065
0.019633871
5.2361E-05
0.142629032
0.000591881
0.171632258
0.173422581
0.052456452
0.037298387
0.212690323
0.209467742
0.034935161
0.029576129
0.00538171
0.010926935
0.004019871
0.014895484
5.12271E-05
0.222954839
0.006683871
0.198129032
0.159696774
0.036200323
0.034350323
0.194309677
0.192877419
0.001663806
0.001055216
0.032524194
0.02724871
0.005236097
0.013857097
0.008942065
0.018977419
5.00813E-05
0.174019355
0.000634013
0.175093548
0.178674194
0.039554194
0.214719355
0.211854839
0.001395258
0.010745516
0.032595806
0.031175484
0.009142581
0.01067271
0.021376452
0.016375484
5.00813E-05
0.157906452
0.005199097
0.193235484
0.159935484
0.038539677
0.20743871
0.204216129
0.001219806
0.024145484
0.024479677
0.029719355
0.010653613
0.007667355
0.002235516
0.028406452
5.00813E-05
0.212093548
0.003256
0.190609677
0.146806452
0.036283871
0.194667742
0.193832258
0.02243871
0.026413226
0.030017742
0.031247097
0.02502871
0.009251194
0.006128871
0.006355645
0.030924839
5.12271E-05
0.190012903
0.007703161
0.188580645
0.146448387
0.035806452
0.194070968
0.198129032
0.023453226
0.029432903
0.030638387
0.028155806
0.033622258
0.014083871
0.003856355
0.020648387
0.023202581
5.12271E-05
0.208035484
0.00690229
0.183329032
0.157070968
0.033216452
0.191683871
0.194667742
0.022295484
0.017569032
0.002468258
0.029027097
0.029611935
0.025279355
0.015862258
0.022367097
0.019956129
4.89474E-05
0.201590323
0.003833677
0.204216129
0.147880645
0.030674194
0.185358065
0.185954839
0.022832581
0.030304194
0.024443871
0.015551935
0.012675484
0.006292387
0.005946258
5.00813E-05
0.193832258
0.000527071
0.190609677
0.176525806
0.036355484
0.205409677
0.2072
0.02196129
0.027869355
0.027021935
0.002945677
0.005399613
0.016482903
0.012198065
5.34948E-05
0.215674194
0.002431258
0.174258065
0.172825806
0.038539677
0.204216129
0.200754839
0.024992903
0.030638387
0.033944516
0.024909355
0.004753903
0.002463484
0.033550645
0.021710645
5.12271E-05
0.169245161
0.001896548
0.209229032
0.165545161
0.03612871
0.197532258
0.197293548
0.023166774
0.029134516
0.002759484
0.004972323
0.019669677
0.022367097
5.12271E-05
0.215077419
0.005863903
0.200158065
0.15886129
0.03478
0.190251613
0.185
0.022689355
0.026329677
0.010381484
0.002072
0.030889032
0.016112903
5.46406E-05
0.296
0.001429871
0.192877419
0.056968065
0.034863548
0.200754839
0.195264516
0.024073871
0.034457742
0.031330645
0.024443871
0.005582226
0.007039548
0.031724516
0.008769
5.12271E-05
0.185358065
0.005836452
0.198964516
0.168170968
0.035770645
0.198129032
0.194070968
0.023859032
0.027499355
0.023417419
0.002027839
0.024992903
0.016697742
0.005436613
4.89474E-05
0.150625806
0.002667581
0.194906452
0.185596774
0.038468065
0.212690323
0.211019355
0.025136129
0.03612871
0.02899129
0.034493548
0.012842581
0.024730323
0.004917419
0.022832581
5.2361E-05
0.166380645
0.001395258
0.194667742
0.170796774
0.035329032
0.197890323
0.198725806
0.037190968
0.030519032
0.031652903
0.035663226
0.005354258
0.000933355
0.017270645
4.89474E-05
0.217345161
0.002060065
0.064177097
0.205170968
0.039780968
0.229877419
0.228445161
0.033359677
0.034123548
0.029325484
0.012400968
0.023966452
0.00127471
0.016733548
5.00813E-05
0.193474194
0.003032806
0.007630355
0.230832258
0.046190323
0.259358065
0.252674194
0.034636774
0.028704839
0.000978948
0.02418129
0.009051871
0.026556452
5.12271E-05
0.189416129
0.001912065
0.224387097
0.044507419
0.263654839
0.261983871
0.036534516
0.024945161
0.015850323
0.024038065
0.012806774
0.035472258
5.00813E-05
0.209229032
0.000326674
0.205767742
0.043349677
0.252674194
0.246467742
0.03861129
0.030853226
0.008040935
0.016661935
0.001655452
0.039924194
4.89474E-05
0.206006452
0.000264132
0.23286129
0.030519032
0.256970968
0.245990323
0.029397097
0.0259
0.001939516
0.013570645
0.036713548
5.00813E-05
0.218777419
0.000326674
0.197532258
0.078237097
0.244796774
0.233458065
0.032094516
0.030089355
0.019263871
0.001593387
0.010071161
0.040210645
4.89474E-05
0.16256129
0.000264132
0.237754839
0.067745806
0.265445161
0.255896774
0.001404806
0.029611935
0.029289677
0.00201471
0.001884613
0.033514839
5.12271E-05
0.224983871
0.14453871
0.176287097
0.205409677
0.197532258
0.043707742
0.004543839
0.038396452
0.027356129
0.006756677
0.009470806
0.004247839
0.034636774
5.12271E-05
0.147164516
0.147164516
0.189058065
0.226416129
0.226416129
0.053984194
0.004799258
0.041666774
0.03737
0.024145484
0.022987742
0.002094677
0.005909258
0.017700323
5.2361E-05
0.262580645
0.188222581
0.156474194
0.184403226
0.181777419
0.04181
0.002490935
0.044877419
0.008468226
0.044805806
0.034123548
0.033479032
0.005263548
0.001009623
0.013737742
0.011709903
5.00813E-05
0.201112903
0.197293548
0.17043871
0.1961
0.197532258
0.004243065
0.047574839
0.007075355
0.000136542
0.017449677
0.039697419
0.032524194
0.029683548
0.012090645
0.001042684
0.020433548
0.017270645
5.12271E-05
0.153848387
0.166619355
0.183567742
0.208870968
0.20743871
0.027284516
0.002449161
0.049102581
0.038682903
0.033288065
0.033288065
0.020433548
0.003409968
0.018488065
0.016005484
4.89474E-05
0.176048387
0.181777419
0.179151613
0.194667742
0.189654839
0.023966452
0.001038148
0.044734194
0.035699032
0.034565161
0.005964161
0.002494516
0.002936129
0.003705968
4.89474E-05
0.143464516
0.215316129
0.188580645
0.208393548
0.203380645
0.025100323
0.001452548
0.047646452
0.038098065
0.030160968
0.030125161
0.007657806
0.001244871
0.004644097
0.014859677
4.89474E-05
0.235725806
0.18153871
0.174258065
0.190251613
0.182374194
0.023381613
0.003437419
0.040723871
0.032786774
0.031652903
0.030554839
0.005372161
0.009288194
0.018380645
0.021567419
5.2361E-05
0.200754839
0.205170968
0.162919355
0.18153871
0.182374194
0.023787419
0.001361839
0.04749129
0.033944516
0.032786774
0.028263226
0.014513548
0.018213548
0.00115989
0.007138613
5.12271E-05
0.171035484
0.178077419
0.184403226
0.20373871
0.198725806
0.026043226
0.005991613
0.05055871
0.033658065
0.03380129
0.035734839
0.005045129
0.009524516
0.002418129
5.00813E-05
0.1813
0.113637742
0.187625806
0.219135484
0.206841935
0.025100323
0.005190742
0.05230129
0.031175484
0.028704839
0.027905161
0.006264935
0.001793903
0.012257742
5.00813E-05
0.201590323
0.1961
0.166619355
0.195264516
0.179748387
0.024587097
0.004165484
0.04786129
0.033658065
0.02021871
0.01651871
0.001465677
0.01406
4.89474E-05
0.259
0.205409677
0.151580645
0.17043871
0.152654839
0.020982581
0.002082742
0.040580645
0.040210645
0.041010323
0.000924284
0.024909355
0.011546387
0.009962548
5.12271E-05
0.185
0.190012903
0.167812903
0.190609677
0.180941935
0.023930645
0.002950452
0.049389032