10.02
9.06
1.16
1.23
5.85
0.91
0.02
77.70
3.13
66.35
39.82
8.86
9.07
51.92
51.85
2.89
10.03
0.61
2.07
6.51
3.00
0.02
68.78
1.69
63.74
43.15
2.52
9.31
54.39
53.85
4.34
1.40
2.38
8.10
9.81
0.24
0.48
3.80
0.85
0.02
45.80
3.52
70.29
49.84
2.67
10.99
60.05
59.37
7.77
2.19
8.15
9.07
6.79
2.31
1.34
3.35
5.44
0.02
55.25
2.10
73.69
44.36
3.47
9.81
56.29
56.04
5.50
3.95
9.13
1.57
3.76
3.74
7.79
0.02
38.74
1.77
60.84
49.05
2.07
11.32
62.34
62.41
11.23
9.43
8.99
7.93
0.41
5.88
3.62
8.57
0.02
67.85
1.57
58.94
41.71
12.46
9.27
55.50
54.89
10.53
7.04
4.26
1.60
5.88
3.52
0.02
60.41
1.65
63.38
46.76
13.29
8.86
56.11
55.32
9.95
7.93
4.65
2.00
7.47
0.87
0.02
64.52
1.61
66.17
42.04
13.75
9.85
54.03
53.85
7.70
6.59
2.90
5.04
7.50
7.48
0.02
57.61
3.00
27.71
53.14
15.36
11.47
66.60
66.78
9.40
7.23
5.25
6.91
7.23
3.36
0.01
47.80
2.02
0.54
64.42
16.83
13.24
76.91
75.80
10.57
7.20
2.39
6.90
1.47
2.76
0.01
66.10
1.47
0.22
60.58
16.85
13.11
74.58
73.80
7.77
7.61
4.77
7.42
4.30
3.58
0.02
52.64
0.79
0.11
63.13
16.59
13.70
76.91
76.05
9.83
8.56
2.00
8.25
0.62
0.89
0.01
52.28
1.75
0.09
65.63
18.49
13.48
77.81
76.59
9.45
7.74
8.21
0.43
7.44
1.49
0.34
0.02
65.56
1.29
0.11
63.91
18.40
13.55
74.73
71.86
9.87
6.90
0.73
7.53
1.28
4.43
0.02
51.31
1.07
0.09
65.81
17.59
13.90
78.95
78.34
9.13
7.38
7.18
3.33
6.25
1.85
6.14
0.01
62.59
1.89
41.07
50.88
11.32
11.16
63.81
62.59
12.22
9.41
6.57
0.69
7.57
3.99
5.89
0.02
42.79
0.18
51.49
52.03
15.74
11.19
63.81
62.84
10.48
8.87
1.61
3.28
1.21
4.47
0.02
66.89
2.01
59.44
47.91
2.14
10.31
58.29
57.86
0.02
0.06
9.76
8.17
1.57
4.16
2.68
5.69
0.02
52.21
0.19
52.53
53.60
11.87
64.42
63.56
0.42
0.73
9.78
9.35
2.74
3.20
6.41
4.91
0.02
47.37
1.56
57.97
47.98
11.56
62.23
61.26
0.37
7.24
7.34
8.92
3.20
2.30
0.67
8.52
0.02
63.63
0.98
57.18
44.04
10.89
58.40
58.15
6.73
7.92
9.01
9.37
7.51
2.78
1.84
1.91
9.28
0.02
57.00
2.31
56.57
43.93
10.74
58.22
59.44
7.04
8.83
9.19
8.45
10.09
4.23
1.16
6.19
6.96
0.02
62.41
2.07
55.00
47.12
9.96
57.51
58.40
6.69
2.34
0.02
8.71
8.88
7.58
4.76
6.71
5.99
0.01
60.48
1.15
61.26
44.36
9.20
55.61
55.79
6.85
9.09
7.33
4.67
3.80
1.89
1.78
0.02
58.15
0.16
57.18
52.96
10.91
61.62
62.16
6.59
8.36
8.11
0.88
1.62
4.94
3.66
0.02
64.70
0.73
52.28
51.85
11.56
61.26
60.23
7.50
9.19
10.18
7.47
1.43
0.74
10.07
6.51
0.02
50.77
0.57
62.77
49.66
10.84
59.26
59.19
6.95
8.74
0.83
1.49
5.90
6.71
0.02
64.52
1.76
60.05
47.66
10.43
57.08
55.50
6.81
7.90
3.11
0.62
9.27
4.83
0.02
88.80
0.43
57.86
17.09
10.46
60.23
58.58
7.22
10.34
9.40
7.33
1.67
2.11
9.52
2.63
0.02
55.61
1.75
59.69
50.45
10.73
59.44
58.22
7.16
8.25
7.03
0.61
7.50
5.01
1.63
0.01
45.19
0.80
58.47
55.68
11.54
63.81
63.31
7.54
10.84
8.70
10.35
3.85
7.42
1.48
6.85
0.02
49.91
0.42
58.40
51.24
10.60
59.37
59.62
11.16
9.16
9.50
10.70
1.61
0.28
5.18
0.01
65.20
0.62
19.25
61.55
11.93
68.96
68.53
10.01
10.24
8.80
3.72
7.19
0.38
5.02
0.02
58.04
0.91
2.29
69.25
13.86
77.81
75.80
10.39
8.61
0.29
7.25
2.72
7.97
0.02
56.82
0.57
67.32
13.35
79.10
78.60
10.96
7.48
4.76
7.21
3.84
10.64
0.02
62.77
0.10
61.73
13.00
75.80
73.94
11.58
9.26
2.41
5.00
0.50
11.98
0.01
61.80
0.08
69.86
9.16
77.09
73.80
8.82
7.77
0.58
4.07
11.01
0.02
65.63
0.10
59.26
23.47
73.44
70.04
9.63
9.03
5.78
0.48
3.02
12.06
0.01
48.77
0.08
71.33
16.73
79.63
76.77
0.02
8.88
8.79
0.60
0.57
10.05
0.02
67.50
43.36
52.89
61.62
59.26
10.93
0.23
0.54
8.21
2.03
2.84
1.27
10.39
0.02
44.15
44.15
56.72
67.92
67.92
16.03
1.44
0.13
11.21
7.24
6.90
0.63
1.77
5.31
0.02
78.77
56.47
46.94
55.32
54.53
5.81
0.75
0.27
0.10
4.12
10.24
10.04
1.58
0.30
4.12
3.51
0.02
60.33
59.19
51.13
58.83
59.26
1.27
14.27
0.16
0.00
1.85
11.91
9.76
8.91
3.63
0.31
6.13
5.18
0.02
46.15
49.99
55.07
62.66
62.23
8.19
0.73
14.73
11.60
9.99
9.99
6.13
1.02
5.55
4.80
0.01
52.81
54.53
53.75
58.40
56.90
7.19
0.31
13.42
10.71
10.37
1.79
0.75
0.88
1.11
0.01
43.04
64.59
56.57
62.52
61.01
7.53
0.44
14.29
11.43
9.05
9.04
2.30
0.37
1.39
4.46
0.01
70.72
54.46
52.28
57.08
54.71
7.01
1.03
12.22
9.84
9.50
9.17
1.61
2.79
5.51
6.47
0.02
60.23
61.55
48.88
54.46
54.71
7.14
0.41
14.25
10.18
9.84
8.48
4.35
5.46
0.35
2.14
0.02
51.31
53.42
55.32
61.12
59.62
7.81
1.80
15.17
10.10
10.14
10.72
1.51
2.86
0.73
0.02
54.39
34.09
56.29
65.74
62.05
7.53
1.56
15.69
9.35
8.61
8.37
1.88
0.54
3.68
0.02
60.48
58.83
49.99
58.58
53.92
7.38
1.25
14.36
10.10
6.07
4.96
0.44
4.22
0.01
77.70
61.62
45.47
51.13
45.80
6.29
0.62
12.17
12.06
12.30
0.28
7.47
3.46
2.99
0.02
55.50
57.00
50.34
57.18
54.28
7.18
0.89
14.82