234
300
300
300
300
300
300
300
300
300
300
300
300
300
300
300
384
600
600
600
600
600
600
600
600
600
600
600
600
600
506
536
600
673
900
900
900
900
900
900
900
900
900
900
900
900
900
900
851
900
985
1200
1200
1200
1200
1200
1200
1200
1200
1200
1200
1200
1200
1200
1200
1200
1122
1200
1256
1500
1500
1500
1500
1500
1500
1500
1500
1500
1500
1500
1500
1500
1500
1800
1800
1800
1800
1800
1800
1800
1800
1800
1800
1800
1800
1800
1800
1800
1800
2100
2100
2100
2100
2100
2100
2100
2100
2100
2100
2100
2100
2100
2100
2100
2400
2400
2400
2400
2400
2400
2400
2400
2400
2400
2400
2400
2400
2400
2400
2700
2700
2700
2700
2700
2700
2700
2700
2700
2700
2700
2700
2700
2700
2700
3000
3000
3000
3000
3000
3000
3000
3000
3000
3000
3000
3000
3000
3000
3000
3300
3300
3300
3300
3300
3300
3300
3300
3300
3300
3300
3300
3300
3300
3300
3600
3600
3600
3600
3600
3600
3600
3600
3600
3600
3600
3600
3600
3600
3600
3900
3900
3900
3900
3900
3900
3900
3900
3900
3900
3900
3900
3900
3900
3900
4200
4200
4200
4200
4200
4200
4200
4200
4200
4200
4200
4200
4200
4200
4200
4200
4500
4500
4500
4500
4500
4500
4500
4500
4500
4500
4500
4500
4500
4500
4500
4800
4800
4800
4800
4800
4800
4800
4800
4800
4800
4800
4800
4800
4800
4800
4800
5100
5100
5100
5100
5100
5100
5100
5100
5100
5100
5100
5100
5100
5100
5100
5100
5159
5400
5400
5400
5400
5400
5400
5400
5400
5400
5400
5400
5400
5400
5400
5172
5173
5342
5400
5400
5632
5700
5700
5700
5700
5700
5700
5700
5700
5700
5700
5700
5700
5700
5700
5700
5700
6000
6000
6000
6000
6000
6000
6000
6000
6000
6000
6000
6000
6000
6000
6000
6000
6300
6300
6300
6300
6300
6300
6300
6300
6300
6300
6300
6300
6300
6300
6300
6300
6600
6600
6600
6600
6600
6600
6600
6600
6600
6600
6600
6600
6600
6600
6600
6600
6600
6733
6900
6900
6900
6900
6900
6900
6900
6900
6900
6900
6900
6900
6900
6900
6900
6900
6743
6745
7200
7200
7200
7200
7200
7200
7200
7200
7200
7200
7200
7200
7200
7200
7200
7500
7500
7500
7500
7500
7500
7500
7500
7500
7500
7500
7500
7500
7500
7500
7800
7800
7800
7800
7800
7800
7800
7800
7800
7800
7800
7800
7800
7800
7800
8100
8100
8100
8100
8100
8100
8100
8100
8100
8100
8100
8100
8100
8100
8100
8100
8400
8400
8400
8400
8400
8400
8400
8400
8400
8400
8400
8400
8400
8400
8700
8700
8700
8700
8700
8700
8700
8700
8700
8700
8700
8700
8700
8700
9000
9000
9000
9000
9000
9000
9000
9000
9000
9000
9000
9000
9000
9000
9000
9000
9300
9300
9300
9300
9300
9300
9300
9300
9300
9300
9300
9300
9300
9300
9300
9600
9600
9600
9600
9600
9600
9600
9600
9600
9600
9600
9600
9600
9600
9600
9900
9900
9900
9900
9900
9900
9900
9900
9900
9900
9900
9900
9900
9900
9900
10200
10200
10200
10200
10200
10200
10200
10200
10200
10200
10200
10200
10200
10200
10200
10500
10500
10500
10500
10500
10500
10500
10500
10500
10500
10500
10500
10500
10800
10800
10800
10800
10800
10800
10800
10800
10800
10800
10800
10800
10800
11100
11100
11100
11100
11100
11100
11100
11100
11100
11100
11100
11100
11100
11400
11400
11400
11400
11400
11400
11400
11400
11400
11400
11400
11400
11647
11700
11700
11700
11700
11700
11700
11700
11700
11700
11700
11700
11700
11661
11662
11700
11736
12000
12000
12000
12000
12000
12000
12000
12000
12000
12000
12000
11986
11949
12000
12000
12297
12300
12300
12300
12300
12300
12300
12300
12300
12300
12300
12300
12300
12300
12439
12600
12600
12600
12600
12600
12600
12600
12600
12600
12600
12600
12600
12600
12445
12457
12460
12508
12600
12900
12900
12900
12900
12900
12900
12900
12900
12900
12900
12900
12900
12900
12900
12705
12728
12747
12748
12794
12900
13200
13200
13200
13200
13200
13200
13200
13200
13200
13200
13200
13200
13200
13200
13200
13200
13500
13500
13500
13500
13500
13500
13500
13500
13500
13500
13500
13500
13500
13500
13500
13500
13800
13800
13800
13800
13800
13800
13800
13800
13800
13800
13800
13800
13800
13800
13800
14100
14100
14100
14100
14100
14100
14100
14100
14100
14100
14100
14100
14100
14100
14100
14100
14400
14400
14400
14400
14400
14400
14400
14400
14400
14400
14400
14400
14400
14400
14400
14400
14700
14700
14700
14700
14700
14700
14700
14700
14700
14700
14700
14700
14700
14700
14700
14700
15000
15000
15000
15000
15000
15000
15000
15000
15000
15000
15000
15000
15000
15000
15000
15300
15300
15300
15300
15300
15300
15300
15300
15300
15300
15300
15300
15300
15300
15300
15600
15600
15600
15600
15600
15600
15600
15600
15600
15600
15600
15600
15600
15600
15900
15900
15900
15900
15900
15900
15900
15900
15900
15900
15900
15900
15900
15900
15900