6432179663
6261947650
6439070184
6295210420
6399142719
6439070184
4974634423
4974635509
6238837081
6320740158
6238835298
6419322512
6434746116
6238836357
6238839290
6432179663
6432179663
6261947650
6439070184
6295210420
6399142719
6439070184
4974634423
6238837081
6320740158
6238835298
6419322512
6434746116
6238836357
6238839290
6432179663
6432179663
6432179663
6432179663
6261947650
6439070184
6295210420
6399142719
4974633892
6439070184
4974634423
6238837081
6320740158
6238835298
6419322512
6434746116
6238836357
6238839290
6432179663
6432179663
6432179663
6261947650
6439070184
6295210420
6399142719
4974633892
6439070184
4974634423
4974635509
6238837081
6320740158
6238835298
6419322512
6434746116
6238836357
6238839290
6432179663
6432179663
6432179663
6261947650
6439070184
6295210420
6399142719
4974633892
6439070184
6238837081
6320740158
6238835298
6419322512
6434746116
6238836357
6238839290
6432179663
6261947650
6439070184
6432179663
6295210420
6399142719
4974633892
6439070184
4974634423
4974635509
6238837081
6320740158
6238835298
6419322512
6434746116
6238836357
6238839290
6261947650
6439070184
6432179663
6295210420
6399142719
4974633892
6439070184
4974635509
6238837081
6320740158
6238835298
6419322512
6434746116
6238836357
6238839290
6261947650
6439070184
6432179663
6295210420
6399142719
4974633892
6439070184
4974635509
6238837081
6320740158
6238835298
6419322512
6434746116
6238836357
6238839290
6261947650
6439070184
6432179663
6295210420
6399142719
6439070184
4974634423
4974635509
6238837081
6320740158
6238835298
6419322512
6434746116
6238836357
6238839290
6261947650
6439070184
6432179663
6295210420
6399142719
6439070184
4974634423
4974635509
6238837081
6320740158
6238835298
6419322512
6434746116
6238836357
6238839290
6261947650
6439070184
6432179663
6295210420
6399142719
6439070184
4974634423
4974635509
6238837081
6320740158
6238835298
6419322512
6434746116
6238836357
6238839290
6261947650
6439070184
6432179663
6295210420
6399142719
6439070184
4974634423
4974635509
6238837081
6320740158
6238835298
6419322512
6434746116
6238836357
6238839290
6261947650
6439070184
6432179663
6295210420
6399142719
6439070184
4974634423
4974635509
6238837081
6320740158
6238835298
6419322512
6434746116
6238836357
6238839290
6261947650
6439070184
6432179663
6295210420
6399142719
4974633892
6439070184
4974634423
4974635509
6238837081
6320740158
6238835298
6419322512
6434746116
6238836357
6238839290
6261947650
6439070184
6432179663
6295210420
6399142719
6439070184
4974634423
4974635509
6238837081
6320740158
6238835298
6419322512
6434746116
6238836357
6238839290
6261947650
6439070184
6432179663
6295210420
6399142719
4974633892
6439070184
4974634423
4974635509
6238837081
6320740158
6238835298
6419322512
6434746116
6238836357
6238839290
6261947650
6439070184
6432179663
6295210420
6399142719
4974633892
6439070184
4974634423
4974635509
6238837081
6320740158
6238835298
6419322512
6434746116
6238836357
6238839290
6432179663
6261947650
6439070184
6295210420
6399142719
6439070184
4974634423
4974635509
6238837081
6320740158
6238835298
6419322512
6434746116
6238836357
6238839290
6432179663
6432179663
6439806540
6439813172
6439806540
6439813172
6261947650
6439070184
6295210420
6439806540
6399142719
6439070184
4974634423
4974635509
6238837081
6320740158
6238835298
6419322512
6434746116
6238836357
6238839290
6439813172
6261947650
6439070184
6295210420
6439806540
6399142719
6439813172
4974633892
6439070184
4974635509
6238837081
6320740158
6238835298
6419322512
6434746116
6238836357
6238839290
6261947650
6439070184
6295210420
6439806540
6399142719
6439813172
4974633892
6439070184
4974635509
6238837081
6320740158
6238835298
6419322512
6434746116
6238836357
6238839290
6261947650
6439070184
6295210420
6439806540
6399142719
6439813172
4974633892
6439070184
4974634423
4974635509
6238837081
6320740158
6238835298
6419322512
6434746116
6238836357
6238839290
6439813172
6261947650
6439070184
6295210420
6439806540
6399142719
4974633892
6439070184
4974634423
4974635509
6238837081
6320740158
6238835298
6419322512
6434746116
6238836357
6238839290
6439813172
6439813172
6261947650
6439070184
6295210420
6439806540
6399142719
6439070184
4974634423
4974635509
6238837081
6320740158
6238835298
6419322512
6434746116
6238836357
6238839290
6261947650
6439070184
6295210420
6439806540
6399142719
6439070184
4974634423
4974635509
6238837081
6320740158
6238835298
6419322512
6434746116
6238836357
6238839290
6261947650
6439070184
6295210420
6439806540
6399142719
6439070184
4974634423
4974635509
6238837081
6320740158
6238835298
6419322512
6434746116
6238836357
6238839290
6261947650
6439070184
6295210420
6439806540
6399142719
4974633892
6439070184
4974634423
4974635509
6238837081
6320740158
6238835298
6419322512
6434746116
6238836357
6238839290
6261947650
6439070184
6295210420
6439806540
6399142719
6439070184
4974635509
6238837081
6320740158
6238835298
6419322512
6434746116
6238836357
6238839290
6261947650
6439070184
6295210420
6439806540
6399142719
6439070184
4974635509
6238837081
6320740158
6238835298
6419322512
6434746116
6238836357
6238839290
6261947650
6439070184
6295210420
6439806540
6399142719
4974633892
6439070184
4974634423
4974635509
6238837081
6320740158
6238835298
6419322512
6434746116
6238836357
6238839290
6261947650
6439070184
6295210420
6439806540
6399142719
4974633892
6439070184
4974635509
6238837081
6320740158
6238835298
6419322512
6434746116
6238836357
6238839290
6261947650
6439070184
6295210420
6399142719
4974633892
6439070184
4974634423
4974635509
6238837081
6320740158
6238835298
6419322512
6434746116
6238836357
6238839290
6261947650
6439070184
6295210420
6399142719
4974633892
6439070184
4974634423
4974635509
6238837081
6320740158
6238835298
6419322512
6434746116
6238836357
6238839290
6261947650
6439070184
6295210420
6399142719
4974633892
6439070184
4974634423
4974635509
6238837081
6320740158
6238835298
6419322512
6434746116
6238836357
6238839290
6261947650
6439070184
6295210420
6399142719
4974633892
6439070184
4974635509
6238837081
6238835298
6419322512
6434746116
6238836357
6238839290
6261947650
6439070184
6295210420
6399142719
4974633892
6439070184
4974635509
6238837081
6238835298
6419322512
6434746116
6238836357
6238839290
6261947650
6439070184
6295210420
6399142719
4974633892
6439070184
4974635509
6238837081
6238835298
6419322512
6434746116
6238836357
6238839290
6261947650
6439070184
6295210420
6399142719
6439070184
4974635509
6238837081
6238835298
6419322512
6434746116
6238836357
6238839290
6434746116
6261947650
6439070184
6295210420
6399142719
6439070184
4974634423
4974635509
6238837081
6238835298
6419322512
6238836357
6238839290
6434746116
6434746116
6440307320
6440307320
6261947650
6439070184
6295210420
6399142719
6439070184
4974635509
6238837081
6238835298
6419322512
6238836357
6238839290
6440307320
6440474886
6440474886
6440307320
6440307320
6261947650
6439070184
6295210420
6399142719
6439070184
4974635509
6238837081
6238835298
6440474886
6419322512
6238836357
6238839290
6440307320
6440307320
6261947650
6439070184
6295210420
6399142719
4974633892
6439070184
4974635509
6238837081
6238835298
6440474886
6419322512
6238836357
6238839290
6440307320
6440307320
6440307320
6440575362
6440575362
6261947650
6439070184
6295210420
6399142719
4974633892
6439070184
4974635509
6238837081
6440575362
6238835298
6440474886
6419322512
6238836357
6238839290
6440613081
6440613081
6440613081
6440613081
6440214006
6440214006
6261947650
6439070184
6295210420
6399142719
4974633892
6439070184
4974634423
4974635509
6238837081
6440575362
6238835298
6440474886
6419322512
6440214006
6238836357
6238839290
6261947650
6439070184
6295210420
6399142719
4974633892
6439070184
4974634423
4974635509
6238837081
6440575362
6238835298
6440474886
6419322512
6440214006
6238836357
6238839290
6261947650
6439070184
6295210420
6399142719
6439070184
4974634423
4974635509
6238837081
6440575362
6238835298
6440474886
6419322512
6440214006
6238836357
6238839290
6261947650
6439070184
6295210420
6399142719
4974633892
6439070184
4974634423
4974635509
6238837081
6440575362
6238835298
6440474886
6419322512
6440214006
6238836357
6238839290
6261947650
6439070184
6295210420
6399142719
4974633892
6439070184
4974634423
4974635509
6238837081
6440575362
6238835298
6440474886
6419322512
6440214006
6238836357
6238839290
6261947650
6439070184
6295210420
6399142719
4974633892
6439070184
4974634423
4974635509
6238837081
6440575362
6238835298
6440474886
6419322512
6440214006
6238836357
6238839290
6261947650
6439070184
6295210420
6399142719
6439070184
4974634423
4974635509
6238837081
6440575362
6238835298
6440474886
6419322512
6440214006
6238836357
6238839290
6261947650
6439070184
6295210420
6399142719
4974633892
6439070184
4974635509
6238837081
6440575362
6238835298
6440474886
6419322512
6440214006
6238836357
6238839290
6261947650
6439070184
6295210420
6399142719
6439070184
4974635509
6238837081
6440575362
6238835298
6440474886
6419322512
6440214006
6238836357
6238839290
6261947650
6439070184
6295210420
6399142719
6439070184
4974634423
4974635509
6238837081
6440575362
6238835298
6440474886
6419322512
6440214006
6238836357
6238839290