289.98
290.94
298.84
298.77
294.15
299.09
299.98
222.30
296.87
233.65
260.18
225.14
290.93
248.08
248.15
63.11
289.97
299.39
297.93
293.49
297.00
299.98
231.22
298.31
236.26
256.85
81.48
290.69
245.61
246.15
117.66
28.60
61.62
291.90
290.19
299.76
299.52
296.20
299.15
299.98
254.20
296.48
229.71
250.16
70.33
289.01
239.95
240.63
170.23
46.81
291.85
290.93
293.21
297.69
298.66
296.65
294.56
299.98
244.75
297.90
226.31
255.64
81.53
290.19
243.71
243.96
131.50
74.05
290.87
298.43
296.24
296.26
292.21
299.98
261.26
298.23
239.16
250.95
53.93
288.68
237.66
237.59
232.77
290.57
291.01
292.07
299.59
294.12
296.38
291.43
299.98
232.15
298.43
241.06
258.29
287.54
290.73
244.50
245.11
289.47
292.96
295.74
298.40
294.12
296.48
299.98
239.59
298.35
236.62
253.24
286.71
291.14
243.89
244.68
290.05
292.07
295.35
298.00
292.53
299.13
299.98
235.48
298.39
233.83
257.96
286.25
290.15
245.97
246.15
292.30
293.41
297.10
294.96
292.50
292.52
299.98
242.39
297.00
272.29
246.86
284.64
288.53
233.40
233.22
290.60
292.77
294.75
293.09
292.77
296.64
299.99
252.20
297.98
299.46
235.58
283.17
286.76
223.09
224.20
289.43
292.80
297.61
293.10
298.53
297.24
299.99
233.90
298.53
299.78
239.42
283.15
286.89
225.42
226.20
292.23
292.39
295.23
292.58
295.70
296.42
299.98
247.36
299.21
299.89
236.87
283.41
286.30
223.09
223.95
290.17
291.44
298.00
291.75
299.38
299.11
299.99
247.72
298.25
299.91
234.37
281.51
286.52
222.19
223.41
290.55
292.26
291.79
299.57
292.56
298.51
299.66
299.98
234.44
298.71
299.89
236.09
281.60
286.45
225.27
228.14
290.13
293.10
299.27
292.47
298.72
295.57
299.98
248.69
298.93
299.91
234.19
282.41
286.10
221.05
221.66
290.87
292.62
292.82
296.67
293.75
298.15
293.86
299.99
237.41
298.11
258.93
249.12
288.68
288.84
236.19
237.41
287.78
290.59
293.43
299.31
292.43
296.01
294.11
299.98
257.21
299.82
248.51
247.97
284.26
288.81
236.19
237.16
289.52
291.13
298.39
296.72
298.79
295.53
299.98
233.11
297.99
240.56
252.09
56.86
289.69
241.71
242.14
12.98
57.94
290.24
291.83
298.43
295.84
297.32
294.31
299.98
247.79
299.81
247.47
246.40
288.13
235.58
236.44
299.58
67.27
290.22
290.65
297.26
296.80
293.59
295.09
299.98
252.63
298.44
242.03
252.02
288.44
237.77
238.74
299.63
292.76
292.66
291.08
296.80
297.70
299.33
291.48
299.98
236.37
299.02
242.82
255.96
289.11
241.60
241.85
293.27
292.08
290.99
290.63
292.49
297.22
298.16
298.09
290.72
299.98
243.00
297.69
243.43
256.07
289.26
241.78
240.56
292.96
291.17
290.81
291.55
289.91
295.77
298.84
293.81
293.04
299.98
237.59
297.93
245.00
252.88
290.04
242.49
241.60
293.31
130.66
9.98
291.29
291.12
292.42
295.24
293.29
294.01
299.99
239.52
298.85
238.74
255.64
290.80
244.39
244.21
293.15
290.91
292.67
295.33
296.20
298.11
298.22
299.98
241.85
299.84
242.82
247.04
289.09
238.38
237.84
293.41
291.64
291.89
299.12
298.38
295.06
296.34
299.98
235.30
299.27
247.72
248.15
288.44
238.74
239.77
292.50
290.81
289.82
292.53
298.57
299.26
289.93
293.49
299.98
249.23
299.43
237.23
250.34
289.16
240.74
240.81
293.05
291.26
299.17
298.51
294.10
293.29
299.98
235.48
298.24
239.95
252.34
289.57
242.92
244.50
293.19
292.10
296.89
299.38
290.73
295.17
299.98
211.20
299.57
242.14
282.91
289.54
239.77
241.42
292.78
289.66
290.60
292.67
298.33
297.89
290.48
297.37
299.98
244.39
298.25
240.31
249.55
289.27
240.56
241.78
292.84
291.75
292.97
299.39
292.50
294.99
298.37
299.99
254.81
299.20
241.53
244.32
288.46
236.19
236.69
292.46
289.16
291.30
289.65
296.15
292.58
298.52
293.15
299.98
250.09
299.58
241.60
248.76
289.40
240.63
240.38
288.84
290.84
290.50
289.30
298.39
299.72
294.82
299.99
234.80
299.38
280.75
238.45
288.07
231.04
231.47
289.99
289.76
291.20
296.28
292.81
299.62
294.98
299.98
241.96
299.09
297.71
230.75
286.14
222.19
224.20
289.61
291.39
299.71
292.75
297.28
292.03
299.98
243.18
299.43
232.68
286.65
220.90
221.40
289.04
292.52
295.24
292.79
296.16
289.36
299.98
237.23
299.90
238.27
287.00
224.20
226.06
288.42
290.74
297.59
295.00
299.50
288.02
299.99
238.20
299.92
230.14
290.84
222.91
226.20
291.18
292.23
299.42
295.93
288.99
299.98
234.37
299.90
240.74
276.53
226.56
229.96
290.37
290.97
294.22
299.52
296.98
287.94
299.99
251.23
299.92
228.67
230.27
220.37
223.23
13.98
291.12
291.21
299.40
299.43
289.95
299.98
232.50
256.64
247.11
238.38
240.74
239.07
50.77
13.46
291.79
297.97
297.16
298.73
289.61
299.98
255.85
255.85
243.28
232.08
232.08
280.97
298.56
2.87
288.79
292.76
293.10
299.37
298.23
294.69
299.98
221.23
243.53
253.06
244.68
245.47
133.19
299.25
5.73
11.90
87.88
289.76
289.96
298.42
299.70
295.88
296.49
299.98
239.67
240.81
248.87
241.17
240.74
298.73
285.73
22.84
19.00
104.15
288.09
290.24
291.09
296.37
299.69
293.87
294.82
299.98
253.85
250.01
244.93
237.34
237.77
291.81
299.27
285.27
288.40
290.01
290.01
293.87
298.98
294.45
295.20
299.99
247.19
245.47
246.25
241.60
243.10
292.81
299.69
286.58
289.29
289.63
298.21
299.25
299.12
298.89
299.99
256.96
235.41
243.43
237.48
238.99
292.47
299.56
285.71
288.57
290.95
290.96
297.70
299.63
298.61
295.54
299.99
229.28
245.54
247.72
242.92
245.29
292.99
298.97
287.78
290.16
290.50
290.83
298.39
297.21
294.49
293.53
299.98
239.77
238.45
251.12
245.54
245.29
292.86
299.59
285.75
289.82
290.16
291.52
295.65
294.54
299.65
297.86
299.98
248.69
246.58
244.68
238.88
240.38
292.19
298.20
284.83
289.90
289.86
289.28
298.49
297.14
299.27
299.98
245.61
265.91
243.71
234.26
237.95
292.47
298.44
284.31
290.65
291.39
291.63
298.12
299.46
296.32
299.98
239.52
241.17
250.01
241.42
246.08
292.62
298.75
285.64
289.90
293.93
295.04
299.56
295.78
299.99
222.30
238.38
254.53
248.87
254.20
293.71
299.38
287.83
287.94
287.70
299.72
292.53
296.54
297.01
299.98
244.50
243.00
249.66
242.82
245.72
292.82
299.11
285.18