298
240
2203
190
1268
1486
299
140
187
6
18
9550
1242
175
18
298
298
240
2203
190
1268
1486
299
187
6
18
9550
1242
175
18
298
298
298
298
240
2203
190
1268
213
1486
299
187
6
18
9550
1242
175
18
298
298
298
240
2203
190
1268
213
1486
299
140
187
6
18
9550
1242
175
18
298
298
298
240
2203
190
1268
213
1486
187
6
18
9550
1242
175
18
298
240
2203
298
190
1268
213
1486
299
140
187
6
18
9550
1242
175
18
240
2203
298
190
1268
213
1486
140
187
6
18
9550
1242
175
18
240
2203
298
190
1268
213
1486
140
187
6
18
9550
1242
175
18
240
2203
298
190
1268
1486
299
140
187
6
18
9550
1242
175
18
240
2203
298
190
1268
1486
299
140
187
6
18
9550
1242
175
18
240
2203
298
190
1268
1486
299
140
187
6
18
9550
1242
175
18
240
2203
298
190
1268
1486
299
140
187
6
18
9550
1242
175
18
240
2203
298
190
1268
1486
299
140
187
6
18
9550
1242
175
18
240
2203
298
190
1268
213
1486
299
140
187
6
18
9550
1242
175
18
240
2203
298
190
1268
1486
299
140
187
6
18
9550
1242
175
18
240
2203
298
190
1268
213
1486
299
140
187
6
18
9550
1242
175
18
240
2203
298
190
1268
213
1486
299
140
187
6
18
9550
1242
175
18
298
240
2203
190
1268
1486
299
140
187
6
18
9550
1242
175
18
298
298
350
127
350
127
240
2203
190
350
1268
1486
299
140
187
6
18
9550
1242
175
18
127
240
2203
190
350
1268
127
213
1486
140
187
6
18
9550
1242
175
18
240
2203
190
350
1268
127
213
1486
140
187
6
18
9550
1242
175
18
240
2203
190
350
1268
127
213
1486
299
140
187
6
18
9550
1242
175
18
127
240
2203
190
350
1268
213
1486
299
140
187
6
18
9550
1242
175
18
127
127
240
2203
190
350
1268
1486
299
140
187
6
18
9550
1242
175
18
240
2203
190
350
1268
1486
299
140
187
6
18
9550
1242
175
18
240
2203
190
350
1268
1486
299
140
187
6
18
9550
1242
175
18
240
2203
190
350
1268
213
1486
299
140
187
6
18
9550
1242
175
18
240
2203
190
350
1268
1486
140
187
6
18
9550
1242
175
18
240
2203
190
350
1268
1486
140
187
6
18
9550
1242
175
18
240
2203
190
350
1268
213
1486
299
140
187
6
18
9550
1242
175
18
240
2203
190
350
1268
213
1486
140
187
6
18
9550
1242
175
18
240
2203
190
1268
213
1486
299
140
187
6
18
9550
1242
175
18
240
2203
190
1268
213
1486
299
140
187
6
18
9550
1242
175
18
240
2203
190
1268
213
1486
299
140
187
6
18
9550
1242
175
18
240
2203
190
1268
213
1486
140
187
18
9550
1242
175
18
240
2203
190
1268
213
1486
140
187
18
9550
1242
175
18
240
2203
190
1268
213
1486
140
187
18
9550
1242
175
18
240
2203
190
1268
1486
140
187
18
9550
1242
175
18
1242
240
2203
190
1268
1486
299
140
187
18
9550
175
18
1242
1242
1783
1783
240
2203
190
1268
1486
140
187
18
9550
175
18
1783
978
978
1783
1783
240
2203
190
1268
1486
140
187
18
978
9550
175
18
1783
1783
240
2203
190
1268
213
1486
140
187
18
978
9550
175
18
1783
1783
1783
1038
1038
240
2203
190
1268
213
1486
140
187
1038
18
978
9550
175
18
829
829
829
829
96
96
240
2203
190
1268
213
1486
299
140
187
1038
18
978
9550
96
175
18
240
2203
190
1268
213
1486
299
140
187
1038
18
978
9550
96
175
18
240
2203
190
1268
1486
299
140
187
1038
18
978
9550
96
175
18
240
2203
190
1268
213
1486
299
140
187
1038
18
978
9550
96
175
18
240
2203
190
1268
213
1486
299
140
187
1038
18
978
9550
96
175
18
240
2203
190
1268
213
1486
299
140
187
1038
18
978
9550
96
175
18
240
2203
190
1268
1486
299
140
187
1038
18
978
9550
96
175
18
240
2203
190
1268
213
1486
140
187
1038
18
978
9550
96
175
18
240
2203
190
1268
1486
140
187
1038
18
978
9550
96
175
18
240
2203
190
1268
1486
299
140
187
1038
18
978
9550
96
175
18