0.11192
0.1012
0.012924
0.013704
0.06532
0.010176
0.0001716
0.868
0.034972
0.7412
0.4448
0.12696
0.10132
0.58
0.5792
0.14672
0.11208
0.00682
0.023132
0.07276
0.033508
0.0001716
0.7684
0.018892
0.712
0.482
0.10048
0.104
0.6076
0.6016
0.11916
0.15672
0.1244
0.09044
0.1096
0.00268
0.005324
0.0424
0.009476
0.000168
0.5116
0.039368
0.7852
0.5568
0.12268
0.1228
0.6708
0.6632
0.14624
0.14992
0.09108
0.10132
0.0758
0.025848
0.015
0.037476
0.06072
0.0001756
0.6172
0.0235
0.8232
0.4956
0.13696
0.1096
0.6288
0.626
0.13452
0.16968
0.10204
0.017548
0.04204
0.04176
0.08704
0.0001792
0.4328
0.019804
0.6796
0.548
0.12376
0.12648
0.6964
0.6972
0.15428
0.10536
0.10048
0.08864
0.004584
0.06568
0.0404
0.09572
0.0001716
0.758
0.01758
0.6584
0.466
0.13916
0.10352
0.62
0.6132
0.11768
0.0786
0.0476
0.017884
0.06568
0.039368
0.0001792
0.6748
0.018464
0.708
0.5224
0.14844
0.099
0.6268
0.618
0.1112
0.08864
0.052
0.022308
0.08348
0.009736
0.0001716
0.7208
0.018004
0.7392
0.4696
0.15356
0.11
0.6036
0.6016
0.08604
0.0736
0.032408
0.05632
0.08376
0.0836
0.000168
0.6436
0.033568
0.30956
0.5936
0.17164
0.12816
0.744
0.746
0.105
0.0808
0.05864
0.07716
0.0808
0.037536
0.0001604
0.534
0.022584
0.005988
0.7196
0.188
0.14796
0.8592
0.8468
0.11804
0.08044
0.026732
0.07704
0.016388
0.030792
0.000164
0.7384
0.016448
0.002448
0.6768
0.18824
0.14648
0.8332
0.8244
0.0868
0.08496
0.05328
0.08288
0.04808
0.04004
0.0001716
0.588
0.00882
0.0012
0.7052
0.18532
0.15308
0.8592
0.8496
0.10976
0.0956
0.022368
0.09216
0.006928
0.009948
0.000164
0.584
0.01956
0.00104
0.7332
0.20656
0.15064
0.8692
0.8556
0.1056
0.08644
0.09168
0.004816
0.08312
0.0166
0.003776
0.000168
0.7324
0.014372
0.0012
0.714
0.20556
0.15136
0.8348
0.8028
0.11024
0.07704
0.008104
0.08412
0.014328
0.04944
0.000168
0.5732
0.01198
0.00104
0.7352
0.19652
0.15528
0.882
0.8752
0.10204
0.0824
0.0802
0.037232
0.06984
0.02072
0.0686
0.0001604
0.6992
0.021148
0.4588
0.5684
0.12648
0.12464
0.7128
0.6992
0.13648
0.10512
0.07336
0.007704
0.0846
0.0446
0.0658
0.0001756
0.478
0.001984
0.5752
0.5812
0.1758
0.125
0.7128
0.702
0.11708
0.09912
0.018036
0.03662
0.013472
0.04992
0.0001716
0.7472
0.0224
0.664
0.5352
0.12132
0.11512
0.6512
0.6464
0.005576
0.003536
0.109
0.09132
0.017548
0.04644
0.029968
0.0636
0.000168
0.5832
0.002124
0.5868
0.5988
0.13256
0.7196
0.71
0.004676
0.036012
0.10924
0.10448
0.03064
0.035768
0.07164
0.05488
0.000168
0.5292
0.017424
0.6476
0.536
0.12916
0.6952
0.6844
0.004088
0.08092
0.08204
0.0996
0.035704
0.025696
0.007492
0.0952
0.000168
0.7108
0.010912
0.6388
0.492
0.1216
0.6524
0.6496
0.0752
0.08852
0.1006
0.10472
0.08388
0.031004
0.02054
0.0213
0.10364
0.0001716
0.6368
0.025816
0.632
0.4908
0.12
0.6504
0.664
0.0786
0.09864
0.10268
0.09436
0.11268
0.0472
0.012924
0.0692
0.07776
0.0001716
0.6972
0.023132
0.6144
0.5264
0.11132
0.6424
0.6524
0.07472
0.05888
0.008272
0.09728
0.09924
0.08472
0.05316
0.07496
0.06688
0.000164
0.6756
0.012848
0.6844
0.4956
0.1028
0.6212
0.6232
0.07652
0.10156
0.08192
0.05212
0.04248
0.021088
0.019928
0.000168
0.6496
0.001768
0.6388
0.5916
0.12184
0.6884
0.6944
0.0736
0.0934
0.09056
0.009872
0.018096
0.05524
0.04088
0.0001792
0.7228
0.008148
0.584
0.5792
0.12916
0.6844
0.6728
0.08376
0.10268
0.11376
0.08348
0.015932
0.008256
0.11244
0.07276
0.0001716
0.5672
0.006356
0.7012
0.5548
0.12108
0.662
0.6612
0.07764
0.09764
0.009248
0.016664
0.06592
0.07496
0.0001716
0.7208
0.019652
0.6708
0.5324
0.11656
0.6376
0.62
0.07604
0.08824
0.034792
0.006944
0.10352
0.054
0.0001832
0.992
0.004792
0.6464
0.19092
0.11684
0.6728
0.6544
0.08068
0.11548
0.105
0.08192
0.018708
0.023592
0.10632
0.029388
0.0001716
0.6212
0.01956
0.6668
0.5636
0.11988
0.664
0.6504
0.07996
0.09216
0.07848
0.006796
0.08376
0.05596
0.01822
0.000164
0.5048
0.00894
0.6532
0.622
0.12892
0.7128
0.7072
0.08424
0.12108
0.09716
0.1156
0.04304
0.08288
0.01648
0.07652
0.0001756
0.5576
0.004676
0.6524
0.5724
0.1184
0.6632
0.666
0.12464
0.10228
0.10608
0.11952
0.017944
0.003128
0.05788
0.000164
0.7284
0.006904
0.21508
0.6876
0.13332
0.7704
0.7656
0.1118
0.11436
0.09828
0.04156
0.08032
0.004272
0.05608
0.000168
0.6484
0.010164
0.025572
0.7736
0.1548
0.8692
0.8468
0.11608
0.0962
0.00328
0.08104
0.030336
0.089
0.0001716
0.6348
0.006408
0.752
0.14916
0.8836
0.878
0.12244
0.0836
0.05312
0.08056
0.04292
0.11888
0.000168
0.7012
0.001096
0.6896
0.14528
0.8468
0.826
0.1294
0.1034
0.026948
0.05584
0.005548
0.1338
0.000164
0.6904
0.000884
0.7804
0.10228
0.8612
0.8244
0.09852
0.0868
0.0065
0.04548
0.12304
0.000168
0.7332
0.001096
0.662
0.2622
0.8204
0.7824
0.10756
0.10084
0.06456
0.00534
0.033752
0.13476
0.000164
0.5448
0.000884
0.7968
0.22704
0.8896
0.8576
0.004708
0.09924
0.09816
0.006752
0.006316
0.11232
0.0001716
0.754
0.4844
0.5908
0.6884
0.662
0.14648
0.015228
0.12868
0.09168
0.022644
0.03174
0.014236
0.11608
0.0001716
0.4932
0.4932
0.6336
0.7588
0.7588
0.18092
0.016084
0.13964
0.12524
0.08092
0.07704
0.00702
0.019804
0.05932
0.0001756
0.88
0.6308
0.5244
0.618
0.6092
0.14012
0.008348
0.1504
0.02838
0.15016
0.11436
0.1122
0.01764
0.003384
0.04604
0.039244
0.000168
0.674
0.6612
0.5712
0.6572
0.662
0.01422
0.15944
0.023712
0.000456
0.05848
0.13304
0.109
0.09948
0.04052
0.003496
0.06848
0.05788
0.0001716
0.5156
0.5584
0.6152
0.7
0.6952
0.09144
0.008208
0.16456
0.12964
0.11156
0.11156
0.06848
0.011428
0.06196
0.05364
0.000164
0.59
0.6092
0.6004
0.6524
0.6356
0.08032
0.00348
0.14992
0.11964
0.11584
0.019988
0.00836
0.00984
0.01242
0.000164
0.4808
0.7216
0.632
0.6984
0.6816
0.08412
0.004868
0.15968
0.12768
0.10108
0.10096
0.025664
0.004172
0.015564
0.0498
0.000164
0.79
0.6084
0.584
0.6376
0.6112
0.07836
0.01152
0.13648
0.10988
0.10608
0.1024
0.018004
0.031128
0.0616
0.07228
0.0001756
0.6728
0.6876
0.546
0.6084
0.6112
0.07972
0.004564
0.15916
0.11376
0.10988
0.09472
0.04864
0.06104
0.003888
0.023924
0.0001716
0.5732
0.5968
0.618
0.6828
0.666
0.08728
0.02008
0.16944
0.1128
0.11328
0.11976
0.016908
0.03192
0.008104
0.000168
0.6076
0.38084
0.6288
0.7344
0.6932
0.08412
0.017396
0.17528
0.10448
0.0962
0.09352
0.020996
0.006012
0.04108
0.000168
0.6756
0.6572
0.5584
0.6544
0.6024
0.0824
0.01396
0.1604
0.1128
0.06776
0.05536
0.004912
0.04712
0.000164
0.868
0.6884
0.508
0.5712
0.5116
0.07032
0.00698
0.136
0.13476
0.13744
0.003096
0.08348
0.038696
0.033388
0.0001716
0.62
0.6368
0.5624
0.6388
0.6064
0.0802
0.009888
0.16552