37.55096516
33.95423226
4.336210452
4.597913032
21.91591355
3.414212129
0.057574568
291.228
11.73367006
248.6845548
149.2375742
33.22575964
33.99449419
194.5993548
194.3309419
10.82992382
37.60464774
2.28822
7.761159097
24.41215355
11.24247445
0.057574568
257.8105935
6.33857071
238.8874839
161.7187742
9.439544981
34.89367742
203.8596
201.8465032
16.25857479
5.258208774
8.90415071
30.34407871
36.77256774
0.899183226
1.786287871
14.22588387
3.179350839
0.05636671
171.6500516
13.20859897
263.4472645
186.8153806
10.01587222
41.20138065
225.0642194
222.5142968
29.11242137
8.215761084
30.55880903
33.99449419
25.43212258
8.672420903
5.032741935
12.57380245
20.37253935
0.058916632
207.0805548
7.884629032
276.1968774
166.2817935
13.01981523
36.77256774
210.9725419
210.0330968
20.61102422
14.80189796
34.23606581
5.887637032
14.10509806
14.01115355
29.20332387
0.06012449
145.2113806
6.644561419
228.0167613
183.8628387
7.751048877
42.43608
233.6534323
233.9218452
42.10092175
35.34997935
33.71266065
29.74014968
1.538005935
22.03669935
13.55485161
32.11560387
0.057574568
254.3212258
5.898373548
220.9038194
156.3505161
46.69042452
34.73262968
208.02
205.7384903
39.48353806
26.37156774
15.97056774
6.000370452
22.03669935
13.20859897
0.06012449
226.4062839
6.194969806
237.5454194
175.2736258
49.80401419
33.21609677
210.3015097
207.3489677
37.30939355
29.74014968
17.44683871
7.484693806
28.00888645
3.266585032
0.057574568
241.8400258
6.040632387
248.0135226
157.5583742
51.52185677
36.90677419
202.5175355
201.8465032
28.86780774
24.6939871
10.87340671
18.89626839
28.10283097
28.04914839
0.05636671
215.9381806
11.26260542
103.8623729
199.1623742
57.58798839
42.9997471
249.624
250.2950323
35.22919355
27.10970323
19.67466581
25.88842452
27.10970323
12.59393342
0.053816787
179.1656129
7.577296258
2.009070581
241.4374065
63.07703226
49.64296645
288.2754581
284.1150581
39.60432387
26.98891742
8.969017161
25.84816258
5.498438323
10.33121265
0.055024645
247.7451097
5.51856929
0.821343484
227.0773161
63.15755613
49.14640258
279.5520387
276.5994968
29.1228
28.50545032
17.87629935
27.80757677
16.13161548
13.43406581
0.057574568
197.2834839
2.959252258
0.402619355
236.6059742
62.17784903
51.36080903
288.2754581
285.0545032
36.82625032
32.07534194
7.504824774
30.92116645
2.324455742
3.337714452
0.055024645
195.9414194
6.562695484
0.348936774
246.0004258
69.30421161
50.54214968
291.6306194
287.0676
35.43050323
29.00201419
30.76011871
1.615845677
27.88810065
5.569567742
1.266908903
0.05636671
245.7320129
4.822037806
0.402619355
239.5585161
68.96869548
50.78372129
280.0888645
269.3523484
36.98729806
25.84816258
2.71902271
28.22361677
4.807275097
16.58791742
0.05636671
192.3178452
4.019483226
0.348936774
246.6714581
65.93562968
52.09894452
295.9252258
293.6437161
34.23606581
27.64652903
26.90839355
12.49193652
23.43244645
6.951894194
23.01640645
0.053816787
234.5928774
7.095495097
153.9348
190.7073677
42.43608
41.81873032
239.1558968
234.5928774
45.79124129
35.26945548
24.61346323
2.584816258
28.38466452
14.96401935
22.07696129
0.058916632
160.3767097
0.665664
192.9888774
195.0019742
58.98373548
41.93951613
239.1558968
235.5323226
39.28222839
33.25635871
6.051368903
12.28660065
4.52007329
16.74896516
0.057574568
250.6976516
7.51556129
222.7827097
179.5682323
8.005280632
38.62461677
218.4881032
216.8776258
0.081069644
0.229367773
36.57125806
30.6393329
5.887637032
15.58136903
10.05474735
21.33882581
0.05636671
195.6730065
0.712636258
196.8808645
200.9070581
44.47601806
241.4374065
238.2164516
1.568873419
2.738724217
36.65178194
35.05472516
10.28021419
12.0007409
24.03637548
18.41312516
0.05636671
177.5551355
5.846033032
217.2802452
179.8366452
43.33526323
233.2508129
229.6272387
1.371589935
27.14996516
27.52574323
33.41740645
11.97926787
8.621422452
2.513686839
31.94113548
0.05636671
238.4848645
3.661152
214.3277032
165.0739355
40.79876129
218.8907226
217.9512774
25.2308129
29.69988774
33.75292258
35.13524903
28.1430929
10.40234206
6.89150129
7.146493548
34.77289161
0.057574568
213.656671
8.661684387
212.0461935
164.6713161
40.26193548
218.2196903
222.7827097
26.37156774
33.09531097
34.45079613
31.65930194
37.80595742
15.83636129
4.336210452
23.21771613
26.08973419
0.057574568
233.9218452
7.761159097
206.1411097
176.6156903
37.34965548
215.5355613
218.8907226
25.06976516
8.75813409
0.092512981
32.63900903
33.29662065
28.42492645
17.83603742
25.15028903
22.43931871
0.055024645
226.6746968
4.310711226
229.6272387
166.2817935
34.49105806
208.4226194
209.0936516
25.67369419
34.07501806
27.48548129
17.48710065
14.25272516
7.075364129
6.686165419
0.05636671
217.9512774
0.593192516
214.3277032
198.4913419
40.87928516
230.9693032
232.9824
24.6939871
31.33720645
30.38434065
3.312215226
6.071499871
18.53391097
13.71589935
0.06012449
242.5110581
2.733785419
195.9414194
194.3309419
43.33526323
229.6272387
225.7352516
28.10283097
34.45079613
38.16831484
28.00888645
5.345442968
2.770021161
37.72543355
24.41215355
0.057574568
190.3047484
2.132540516
235.2639097
186.1443484
40.6242929
222.1116774
221.8432645
26.04947226
32.75979484
3.102853161
5.591040774
22.11722323
25.15028903
0.057574568
241.8400258
6.593562968
225.0642194
178.6287871
39.10776
213.9250839
208.02
25.51264645
29.60594323
11.67327716
2.329824
34.73262968
18.11787097
0.061466555
332.832
1.60779329
216.8776258
64.05673935
39.20170452
225.7352516
219.5617548
27.06944129
38.74540258
35.22919355
27.48548129
6.276835742
7.915496516
35.67207484
9.860148
0.057574568
208.4226194
6.562695484
223.7221548
189.0968903
40.22167355
222.7827097
218.2196903
26.82786968
30.92116645
26.33130581
2.280167613
28.10283097
18.77548258
6.113103871
0.055024645
169.3685419
2.999514194
219.1591355
208.6910323
43.25473935
239.1558968
237.2770065
28.26387871
40.6242929
32.5987471
38.78566452
14.44061419
27.80757677
5.529305806
25.67369419
0.058916632
187.0837935
1.568873419
218.8907226
192.0494323
39.72510968
222.5142968
223.4537419
41.81873032
34.31658968
35.59155097
40.10088774
6.020501419
1.049494452
19.41967355
0.055024645
244.3899484
2.316403355
72.16280903
230.7008903
44.73101032
258.4816258
256.8711484
37.51070323
38.36962452
32.97452516
13.94405032
26.94865548
1.433324903
18.81574452
0.05636671
217.5486581
3.410185935
8.579818452
259.5552774
51.93789677
291.6306194
284.1150581
38.94671226
32.27665161
1.100492903
27.1902271
10.17821729
29.86093548
0.057574568
212.9856387
2.149987355
252.308129
50.04558581
296.4620516
294.5831613
41.08059484
28.04914839
17.82261677
27.02917935
14.40035226
39.88615742
0.05636671
235.2639097
0.367725677
231.3719226
48.74378323
284.1150581
277.1363226
43.4157871
34.69236774
9.041488645
18.73522065
1.861443484
44.89205806
0.055024645
231.6403355
0.296596258
261.8367871
34.31658968
288.9464903
276.5994968
33.05504903
29.1228
2.180854839
15.25927355
41.28190452
0.05636671
246.0004258
0.367725677
222.1116774
87.97232903
275.2574323
262.5078194
36.08811484
33.83344645
21.66092129
1.791656129
11.32434039
45.21415355
0.055024645
182.7891871
0.296596258
267.3392516
62.71789579
298.4751484
287.7386323
0.07371513
33.29662065
32.93426323
2.265404903
2.119119871
37.68517161
0.057574568
252.9791613
162.5240129
198.222929
230.9693032
222.1116774
40.95533548
0.868570734
2.014796723
30.76011871
7.597427226
10.64928194
4.776407613
38.94671226
0.057574568
165.4765548
165.4765548
212.5830194
254.5896387
254.5896387
60.09456228
5.396441419
0.468514723
42.02004
27.14996516
25.84816258
2.355323226
6.644561419
19.90281677
0.058916632
295.2541935
211.6435742
175.9446581
207.3489677
204.3964258
21.7824676
2.800888645
1.009232516
0.38087791
15.45020459
38.36962452
37.64490968
5.918504516
1.135386581
15.44716258
13.16699497
0.05636671
226.137871
221.8432645
191.6468129
220.5012
222.1116774
4.771039355
53.49469161
0.609941481
0.009689706
6.932747406
44.63706581
36.57125806
33.37714452
13.59511355
1.172964387
22.97614452
19.41967355
0.057574568
172.9921161
187.3522065
206.4095226
234.8612903
233.2508129
30.67959484
2.753916387
55.21253419
43.49631097
37.43017935
37.43017935
22.97614452
3.834278323
20.78857935
17.99708516
0.055024645
197.9545161
204.3964258
201.4438839
218.8907226
213.2540516
26.94865548
1.167596129
50.30057806
40.14114968
38.86618839
6.706296387
2.804914839
3.30147871
4.167110323
0.055024645
161.3161548
242.1084387
212.0461935
234.3244645
228.6877935
28.22361677
1.633292516
53.57521548
42.83869935
33.91397032
33.87370839
8.610685935
1.39977329
5.221973032
16.70870323
0.055024645
265.0577419
204.1280129
195.9414194
213.9250839
205.0674581
26.29104387
3.865145806
45.79124129
36.86651226
35.59155097
34.35685161
6.040632387
10.44394606
20.66779355
24.25110581
0.058916632
225.7352516
230.7008903
183.1918065
204.1280129
205.0674581
26.74734581
1.531295613
53.4007471
38.16831484
36.86651226
31.78008774
16.31950452
20.47990452
1.30448671
8.026887871
0.057574568
192.3178452
200.2360258
207.3489677
229.0904129
223.4537419
29.28384774
6.737163871
56.8498529
37.84621935
38.0072671
40.18141161
5.67290671
10.70967484
2.71902271
0.05636671
203.8596
127.7779626
210.9725419
246.4030452
232.5797806
28.22361677
5.836638581
58.8092671
35.05472516
32.27665161
31.37746839
7.044496645
2.017122968
13.78300258
0.05636671
226.6746968
220.5012
187.3522065
219.5617548
202.1149161
27.64652903
4.683805161
53.8167871
37.84621935
22.7345729
18.5741729
1.648055226
15.80952
0.055024645
291.228
230.9693032
170.4421935
191.6468129
171.6500516
23.59349419
2.341902581
45.63019355
45.21415355
46.11333677
1.038757935
28.00888645
12.98313213
11.20221252
0.057574568
208.02
213.656671
188.694271
214.3277032
203.4569806
26.90839355
3.317583484
55.53462968