262.45
266.05
295.66
295.40
278.08
296.59
299.94
8.77
288.27
51.32
150.76
200.77
266.01
105.40
105.67
55.17
262.40
297.71
292.24
275.59
288.76
299.94
42.19
293.66
61.11
138.28
74.56
265.11
96.14
98.15
105.74
24.74
55.10
269.66
263.23
299.10
298.21
285.77
296.82
299.94
128.35
286.79
36.55
113.18
62.98
258.80
74.94
77.49
148.89
40.78
269.44
266.01
274.57
291.33
294.97
287.43
279.63
299.94
92.92
292.12
23.80
133.72
71.98
263.23
89.03
89.97
116.39
63.20
265.76
294.11
285.89
285.99
270.80
299.94
154.79
293.36
71.98
116.14
48.25
257.56
66.35
66.08
201.90
264.65
266.29
270.26
298.46
277.96
286.45
267.88
299.94
45.68
294.10
79.10
143.65
253.31
265.27
91.98
94.26
260.52
273.63
284.03
294.00
277.96
286.79
299.94
73.59
293.81
62.45
124.73
250.20
266.78
89.70
92.65
262.69
270.26
282.55
292.52
271.99
296.73
299.94
58.16
293.96
51.99
142.44
248.48
263.09
97.48
98.15
271.13
275.31
289.13
281.10
271.90
271.95
299.94
84.06
288.74
196.14
100.84
242.41
257.00
50.38
49.70
264.77
272.89
280.33
274.11
272.89
287.41
299.95
120.83
292.42
297.99
58.56
236.92
250.36
11.72
15.88
260.40
273.01
291.03
274.15
294.50
289.67
299.94
52.25
294.48
299.18
72.92
236.84
250.85
20.45
23.40
270.88
271.49
282.12
272.19
283.87
286.57
299.94
102.72
297.04
299.60
63.39
237.82
248.64
11.72
14.95
263.17
267.92
292.50
269.08
297.68
296.66
299.94
104.06
293.44
299.65
54.00
230.70
249.46
8.37
12.93
264.57
271.00
269.24
298.38
272.11
294.43
298.73
299.94
54.27
295.18
299.60
60.44
231.03
249.22
19.91
30.65
263.01
274.15
297.28
271.78
295.19
283.41
299.94
107.68
295.98
299.65
53.33
234.06
247.90
4.07
6.36
265.76
272.35
273.09
287.51
276.57
293.05
276.98
299.95
65.41
292.90
146.07
109.29
257.56
258.18
60.84
65.41
254.21
264.73
275.39
297.42
271.62
285.04
277.92
299.94
139.62
299.33
107.01
105.00
241.02
258.06
60.84
64.47
260.72
266.74
293.95
287.71
295.48
283.25
299.94
49.30
292.48
77.22
120.43
50.99
261.38
81.51
83.12
12.92
57.77
263.43
269.36
294.11
284.42
289.95
278.66
299.94
104.33
299.29
103.12
99.09
255.52
58.56
61.78
298.43
65.26
263.35
264.95
289.72
288.00
275.96
281.59
299.94
122.44
294.15
82.72
120.16
256.66
66.75
70.37
298.63
272.85
272.47
266.58
288.02
291.38
297.49
268.06
299.94
61.52
296.34
85.67
134.93
259.20
81.11
82.05
274.77
270.30
266.25
264.86
271.86
289.60
293.11
292.85
265.23
299.94
86.34
291.34
87.95
135.33
259.74
81.78
77.22
273.63
266.90
265.55
268.34
262.19
284.16
295.66
276.78
273.91
299.94
66.08
292.24
93.86
123.38
262.65
84.46
81.11
274.93
124.24
9.91
267.36
266.70
271.58
282.16
274.85
277.56
299.94
73.33
295.69
70.37
133.72
265.51
91.58
90.91
274.33
265.92
272.51
282.51
285.75
292.92
293.31
299.94
82.05
299.41
85.67
101.51
259.12
69.03
67.02
275.31
268.66
269.62
296.69
293.93
281.47
286.28
299.94
57.49
297.27
104.06
105.67
256.66
70.37
74.26
271.90
265.55
261.83
271.99
294.65
297.23
262.27
275.59
299.94
109.70
297.87
64.74
113.86
259.38
77.89
78.16
273.95
267.24
296.90
294.41
277.88
274.85
299.94
58.16
293.41
74.94
121.37
260.89
86.07
91.98
274.49
270.39
288.33
297.67
265.27
281.88
299.94
-32.83
298.39
83.12
235.94
260.80
74.26
80.44
272.93
261.25
264.77
272.51
293.72
292.08
264.33
290.14
299.94
91.58
293.44
76.28
110.90
259.78
77.22
81.78
273.17
269.08
273.67
297.72
271.90
281.22
293.89
299.94
130.63
297.00
80.84
91.31
256.75
60.84
62.72
271.74
259.38
267.40
261.21
285.56
272.19
294.47
274.33
299.94
112.92
298.43
81.11
107.95
260.27
77.49
76.55
258.18
265.68
264.41
259.90
293.98
298.95
280.58
299.94
55.61
297.68
227.84
69.30
255.27
41.52
43.13
262.49
261.63
267.03
286.06
273.05
298.57
281.18
299.94
82.45
296.59
291.42
40.44
248.06
8.37
15.88
261.05
267.72
298.90
272.81
289.82
270.14
299.94
87.01
297.85
47.69
249.95
3.54
5.42
258.92
271.95
282.18
272.97
285.60
260.11
299.94
64.74
299.63
68.63
251.26
15.88
22.86
256.58
265.31
290.96
281.26
298.14
255.11
299.94
68.36
299.70
38.16
265.68
11.05
23.40
266.94
270.88
297.82
284.74
258.72
299.94
54.00
299.63
77.89
212.03
24.74
37.49
263.91
266.17
278.34
298.21
288.68
254.79
299.94
117.21
299.70
32.66
184.28
1.52
12.26
13.93
266.70
267.07
297.73
297.88
262.31
299.94
47.02
137.48
101.78
69.03
77.89
209.04
50.13
11.99
269.24
292.40
289.35
295.22
261.05
299.94
134.52
134.52
87.42
45.41
45.41
236.91
294.60
2.53
257.98
272.85
274.15
297.64
293.36
280.10
299.94
4.75
88.36
124.06
92.65
95.60
117.22
297.20
4.99
11.62
76.55
261.63
262.36
294.08
298.86
284.55
286.83
299.94
73.86
78.16
108.35
79.50
77.89
295.23
246.51
22.39
18.99
99.07
255.36
263.43
266.62
286.40
298.83
277.02
280.58
299.94
127.01
112.65
93.59
65.14
66.75
269.32
297.25
244.79
256.50
262.57
262.57
277.02
296.17
279.21
282.00
299.94
102.05
95.60
98.56
81.11
86.75
273.05
298.83
249.70
259.86
261.13
293.29
297.20
296.70
295.83
299.94
138.68
57.89
87.95
65.68
71.31
271.78
298.37
246.42
257.16
266.09
266.13
291.39
298.60
294.78
283.29
299.94
34.94
95.87
104.06
86.07
94.93
273.71
296.13
254.21
263.13
264.41
265.64
293.96
289.56
279.33
275.75
299.94
74.26
69.30
116.81
95.87
94.93
273.25
298.47
246.60
261.83
263.13
268.22
283.68
279.52
298.70
291.97
299.94
107.68
99.76
92.65
70.91
76.55
270.72
293.26
243.15
262.15
261.99
259.82
294.33
289.29
297.28
299.94
96.14
172.22
89.03
53.60
67.42
271.78
294.16
241.19
264.95
267.72
268.62
292.96
297.98
286.22
299.94
73.33
79.50
112.65
80.44
97.89
272.35
295.32
246.18
262.15
277.27
281.43
298.35
284.19
299.94
8.77
69.03
129.56
108.35
128.35
276.41
297.66
254.37
254.79
253.89
298.96
271.99
287.02
288.80
299.94
91.98
86.34
111.31
85.67
96.54
273.09
296.68
244.47