0.062177778
0.056222222
0.00718
0.007613333
0.036288889
0.005653333
9.53333E-05
0.482222222
0.019428889
0.411777778
0.247111111
0.070533333
0.056288889
0.322222222
0.321777778
0.081511111
0.062266667
0.003788889
0.012851111
0.040422222
0.018615556
9.53333E-05
0.426888889
0.010495556
0.395555556
0.267777778
0.055822222
0.057777778
0.337555556
0.334222222
0.0662
0.087066667
0.069111111
0.050244444
0.060888889
0.001488889
0.002957778
0.023555556
0.005264444
9.33333E-05
0.284222222
0.021871111
0.436222222
0.309333333
0.068155556
0.068222222
0.372666667
0.368444444
0.081244444
0.083288889
0.0506
0.056288889
0.042111111
0.01436
0.008333333
0.02082
0.033733333
9.75556E-05
0.342888889
0.013055556
0.457333333
0.275333333
0.076088889
0.060888889
0.349333333
0.347777778
0.074733333
0.094266667
0.056688889
0.009748889
0.023355556
0.0232
0.048355556
9.95556E-05
0.240444444
0.011002222
0.377555556
0.304444444
0.068755556
0.070266667
0.386888889
0.387333333
0.085711111
0.058533333
0.055822222
0.049244444
0.002546667
0.036488889
0.022444444
0.053177778
9.53333E-05
0.421111111
0.009766667
0.365777778
0.258888889
0.077311111
0.057511111
0.344444444
0.340666667
0.065377778
0.043666667
0.026444444
0.009935556
0.036488889
0.021871111
9.95556E-05
0.374888889
0.010257778
0.393333333
0.290222222
0.082466667
0.055
0.348222222
0.343333333
0.061777778
0.049244444
0.028888889
0.012393333
0.046377778
0.005408889
9.53333E-05
0.400444444
0.010002222
0.410666667
0.260888889
0.085311111
0.061111111
0.335333333
0.334222222
0.0478
0.040888889
0.018004444
0.031288889
0.046533333
0.046444444
9.33333E-05
0.357555556
0.018648889
0.171977778
0.329777778
0.095355556
0.0712
0.413333333
0.414444444
0.058333333
0.044888889
0.032577778
0.042866667
0.044888889
0.020853333
8.91111E-05
0.296666667
0.012546667
0.003326667
0.399777778
0.104444444
0.0822
0.477333333
0.470444444
0.065577778
0.044688889
0.014851111
0.0428
0.009104444
0.017106667
9.11111E-05
0.410222222
0.009137778
0.00136
0.376
0.104577778
0.081377778
0.462888889
0.458
0.048222222
0.0472
0.0296
0.046044444
0.026711111
0.022244444
9.53333E-05
0.326666667
0.0049
0.000666667
0.391777778
0.102955556
0.085044444
0.477333333
0.472
0.060977778
0.053111111
0.012426667
0.0512
0.003848889
0.005526667
9.11111E-05
0.324444444
0.010866667
0.000577778
0.407333333
0.114755556
0.083688889
0.482888889
0.475333333
0.058666667
0.048022222
0.050933333
0.002675556
0.046177778
0.009222222
0.002097778
9.33333E-05
0.406888889
0.007984444
0.000666667
0.396666667
0.1142
0.084088889
0.463777778
0.446
0.061244444
0.0428
0.004502222
0.046733333
0.00796
0.027466667
9.33333E-05
0.318444444
0.006655556
0.000577778
0.408444444
0.109177778
0.086266667
0.49
0.486222222
0.056688889
0.045777778
0.044555556
0.020684444
0.0388
0.011511111
0.038111111
8.91111E-05
0.388444444
0.011748889
0.254888889
0.315777778
0.070266667
0.069244444
0.396
0.388444444
0.075822222
0.0584
0.040755556
0.00428
0.047
0.024777778
0.036555556
9.75556E-05
0.265555556
0.001102222
0.319555556
0.322888889
0.097666667
0.069444444
0.396
0.39
0.065044444
0.055066667
0.01002
0.020344444
0.007484444
0.027733333
9.53333E-05
0.415111111
0.012444444
0.368888889
0.297333333
0.0674
0.063955556
0.361777778
0.359111111
0.003097778
0.001964444
0.060555556
0.050733333
0.009748889
0.0258
0.016648889
0.035333333
9.33333E-05
0.324
0.00118
0.326
0.332666667
0.073644444
0.399777778
0.394444444
0.002597778
0.020006667
0.060688889
0.058044444
0.017022222
0.019871111
0.0398
0.030488889
9.33333E-05
0.294
0.00968
0.359777778
0.297777778
0.071755556
0.386222222
0.380222222
0.002271111
0.044955556
0.045577778
0.055333333
0.019835556
0.014275556
0.004162222
0.052888889
9.33333E-05
0.394888889
0.006062222
0.354888889
0.273333333
0.067555556
0.362444444
0.360888889
0.041777778
0.049177778
0.055888889
0.058177778
0.0466
0.017224444
0.011411111
0.011833333
0.057577778
9.53333E-05
0.353777778
0.014342222
0.351111111
0.272666667
0.066666667
0.361333333
0.368888889
0.043666667
0.0548
0.057044444
0.052422222
0.0626
0.026222222
0.00718
0.038444444
0.0432
9.53333E-05
0.387333333
0.012851111
0.341333333
0.292444444
0.061844444
0.356888889
0.362444444
0.041511111
0.032711111
0.004595556
0.054044444
0.055133333
0.047066667
0.029533333
0.041644444
0.037155556
9.11111E-05
0.375333333
0.007137778
0.380222222
0.275333333
0.057111111
0.345111111
0.346222222
0.042511111
0.056422222
0.045511111
0.028955556
0.0236
0.011715556
0.011071111
9.33333E-05
0.360888889
0.000982222
0.354888889
0.328666667
0.067688889
0.382444444
0.385777778
0.040888889
0.051888889
0.050311111
0.005484444
0.010053333
0.030688889
0.022711111
9.95556E-05
0.401555556
0.004526667
0.324444444
0.321777778
0.071755556
0.380222222
0.373777778
0.046533333
0.057044444
0.0632
0.046377778
0.008851111
0.004586667
0.062466667
0.040422222
9.53333E-05
0.315111111
0.003531111
0.389555556
0.308222222
0.067266667
0.367777778
0.367333333
0.043133333
0.054244444
0.005137778
0.009257778
0.036622222
0.041644444
9.53333E-05
0.400444444
0.010917778
0.372666667
0.295777778
0.064755556
0.354222222
0.344444444
0.042244444
0.049022222
0.019328889
0.003857778
0.057511111
0.03
0.000101778
0.551111111
0.002662222
0.359111111
0.106066667
0.064911111
0.373777778
0.363555556
0.044822222
0.064155556
0.058333333
0.045511111
0.010393333
0.013106667
0.059066667
0.016326667
9.53333E-05
0.345111111
0.010866667
0.370444444
0.313111111
0.0666
0.368888889
0.361333333
0.044422222
0.0512
0.0436
0.003775556
0.046533333
0.031088889
0.010122222
9.11111E-05
0.280444444
0.004966667
0.362888889
0.345555556
0.071622222
0.396
0.392888889
0.0468
0.067266667
0.053977778
0.064222222
0.023911111
0.046044444
0.009155556
0.042511111
9.75556E-05
0.309777778
0.002597778
0.362444444
0.318
0.065777778
0.368444444
0.37
0.069244444
0.056822222
0.058933333
0.0664
0.009968889
0.001737778
0.032155556
9.11111E-05
0.404666667
0.003835556
0.119488889
0.382
0.074066667
0.428
0.425333333
0.062111111
0.063533333
0.0546
0.023088889
0.044622222
0.002373333
0.031155556
9.33333E-05
0.360222222
0.005646667
0.014206667
0.429777778
0.086
0.482888889
0.470444444
0.064488889
0.053444444
0.001822222
0.045022222
0.016853333
0.049444444
9.53333E-05
0.352666667
0.00356
0.417777778
0.082866667
0.490888889
0.487777778
0.068022222
0.046444444
0.029511111
0.044755556
0.023844444
0.066044444
9.33333E-05
0.389555556
0.000608889
0.383111111
0.080711111
0.470444444
0.458888889
0.071888889
0.057444444
0.014971111
0.031022222
0.003082222
0.074333333
9.11111E-05
0.383555556
0.000491111
0.433555556
0.056822222
0.478444444
0.458
0.054733333
0.048222222
0.003611111
0.025266667
0.068355556
9.33333E-05
0.407333333
0.000608889
0.367777778
0.145666667
0.455777778
0.434666667
0.059755556
0.056022222
0.035866667
0.002966667
0.018751111
0.074866667
9.11111E-05
0.302666667
0.000491111
0.442666667
0.126133333
0.494222222
0.476444444
0.002615556
0.055133333
0.054533333
0.003751111
0.003508889
0.0624
9.53333E-05
0.418888889
0.269111111
0.328222222
0.382444444
0.367777778
0.081377778
0.00846
0.071488889
0.050933333
0.01258
0.017633333
0.007908889
0.064488889
9.53333E-05
0.274
0.274
0.352
0.421555556
0.421555556
0.100511111
0.008935556
0.077577778
0.069577778
0.044955556
0.0428
0.0039
0.011002222
0.032955556
9.75556E-05
0.488888889
0.350444444
0.291333333
0.343333333
0.338444444
0.077844444
0.004637778
0.083555556
0.015766667
0.083422222
0.063533333
0.062333333
0.0098
0.00188
0.025577778
0.021802222
9.33333E-05
0.374444444
0.367333333
0.317333333
0.365111111
0.367777778
0.0079
0.088577778
0.013173333
0.000253333
0.032488889
0.073911111
0.060555556
0.055266667
0.022511111
0.001942222
0.038044444
0.032155556
9.53333E-05
0.286444444
0.310222222
0.341777778
0.388888889
0.386222222
0.0508
0.00456
0.091422222
0.072022222
0.061977778
0.061977778
0.038044444
0.006348889
0.034422222
0.0298
9.11111E-05
0.327777778
0.338444444
0.333555556
0.362444444
0.353111111
0.044622222
0.001933333
0.083288889
0.066466667
0.064355556
0.011104444
0.004644444
0.005466667
0.0069
9.11111E-05
0.267111111
0.400888889
0.351111111
0.388
0.378666667
0.046733333
0.002704444
0.088711111
0.070933333
0.056155556
0.056088889
0.014257778
0.002317778
0.008646667
0.027666667
9.11111E-05
0.438888889
0.338
0.324444444
0.354222222
0.339555556
0.043533333
0.0064
0.075822222
0.061044444
0.058933333
0.056888889
0.010002222
0.017293333
0.034222222
0.040155556
9.75556E-05
0.373777778
0.382
0.303333333
0.338
0.339555556
0.044288889
0.002535556
0.088422222
0.0632
0.061044444
0.052622222
0.027022222
0.033911111
0.00216
0.013291111
9.53333E-05
0.318444444
0.331555556
0.343333333
0.379333333
0.37
0.048488889
0.011155556
0.094133333
0.062666667
0.062933333
0.066533333
0.009393333
0.017733333
0.004502222
9.33333E-05
0.337555556
0.211577778
0.349333333
0.408
0.385111111
0.046733333
0.009664444
0.097377778
0.058044444
0.053444444
0.051955556
0.011664444
0.00334
0.022822222
9.33333E-05
0.375333333
0.365111111
0.310222222
0.363555556
0.334666667
0.045777778
0.007755556
0.089111111
0.062666667
0.037644444
0.030755556
0.002728889
0.026177778
9.11111E-05
0.482222222
0.382444444
0.282222222
0.317333333
0.284222222
0.039066667
0.003877778
0.075555556
0.074866667
0.076355556
0.00172
0.046377778
0.021497778
0.018548889
9.53333E-05
0.344444444
0.353777778
0.312444444
0.354888889
0.336888889
0.044555556
0.005493333
0.091955556