6.217777778
5.622222222
0.718
0.761333333
3.628888889
0.565333333
0.009533333
48.22222222
1.942888889
41.17777778
24.71111111
5.5016
5.628888889
32.22222222
32.17777778
1.793244444
6.226666667
0.378888889
1.285111111
4.042222222
1.861555556
0.009533333
42.68888889
1.049555556
39.55555556
26.77777778
1.563022222
5.777777778
33.75555556
33.42222222
2.692133333
0.870666667
1.47437037
5.024444444
6.088888889
0.148888889
0.295777778
2.355555556
0.526444444
0.009333333
28.42222222
2.187111111
43.62222222
30.93333333
1.658451852
6.822222222
37.26666667
36.84444444
4.820503704
1.360385185
5.06
5.628888889
4.211111111
1.436
0.833333333
2.082
3.373333333
0.009755556
34.28888889
1.305555556
45.73333333
27.53333333
2.155851852
6.088888889
34.93333333
34.77777778
3.412822222
2.450933333
5.668888889
0.974888889
2.335555556
2.32
4.835555556
0.009955556
24.04444444
1.100222222
37.75555556
30.44444444
1.283437037
7.026666667
38.68888889
38.73333333
6.97117037
5.853333333
5.582222222
4.924444444
0.254666667
3.648888889
2.244444444
5.317777778
0.009533333
42.11111111
0.976666667
36.57777778
25.88888889
7.731111111
5.751111111
34.44444444
34.06666667
6.537777778
4.366666667
2.644444444
0.993555556
3.648888889
2.187111111
0.009955556
37.48888889
1.025777778
39.33333333
29.02222222
8.246666667
5.5
34.82222222
34.33333333
6.177777778
4.924444444
2.888888889
1.239333333
4.637777778
0.540888889
0.009533333
40.04444444
1.000222222
41.06666667
26.08888889
8.531111111
6.111111111
33.53333333
33.42222222
4.78
4.088888889
1.800444444
3.128888889
4.653333333
4.644444444
0.009333333
35.75555556
1.864888889
17.19777778
32.97777778
9.535555556
7.12
41.33333333
41.44444444
5.833333333
4.488888889
3.257777778
4.286666667
4.488888889
2.085333333
0.008911111
29.66666667
1.254666667
0.332666667
39.97777778
10.44444444
8.22
47.73333333
47.04444444
6.557777778
4.468888889
1.485111111
4.28
0.910444444
1.710666667
0.009111111
41.02222222
0.913777778
0.136
37.6
10.45777778
8.137777778
46.28888889
45.8
4.822222222
4.72
2.96
4.604444444
2.671111111
2.224444444
0.009533333
32.66666667
0.49
0.066666667
39.17777778
10.29555556
8.504444444
47.73333333
47.2
6.097777778
5.311111111
1.242666667
5.12
0.384888889
0.552666667
0.009111111
32.44444444
1.086666667
0.057777778
40.73333333
11.47555556
8.368888889
48.28888889
47.53333333
5.866666667
4.802222222
5.093333333
0.267555556
4.617777778
0.922222222
0.209777778
0.009333333
40.68888889
0.798444444
0.066666667
39.66666667
11.42
8.408888889
46.37777778
44.6
6.124444444
4.28
0.450222222
4.673333333
0.796
2.746666667
0.009333333
31.84444444
0.665555556
0.057777778
40.84444444
10.91777778
8.626666667
49
48.62222222
5.668888889
4.577777778
4.455555556
2.068444444
3.88
1.151111111
3.811111111
0.008911111
38.84444444
1.174888889
25.48888889
31.57777778
7.026666667
6.924444444
39.6
38.84444444
7.582222222
5.84
4.075555556
0.428
4.7
2.477777778
3.655555556
0.009755556
26.55555556
0.110222222
31.95555556
32.28888889
9.766666667
6.944444444
39.6
39
6.504444444
5.506666667
1.002
2.034444444
0.748444444
2.773333333
0.009533333
41.51111111
1.244444444
36.88888889
29.73333333
1.325533333
6.395555556
36.17777778
35.91111111
0.013423704
0.037979259
6.055555556
5.073333333
0.974888889
2.58
1.664888889
3.533333333
0.009333333
32.4
0.118
32.6
33.26666667
7.364444444
39.97777778
39.44444444
0.259777778
0.453484444
6.068888889
5.804444444
1.702222222
1.987111111
3.98
3.048888889
0.009333333
29.4
0.968
35.97777778
29.77777778
7.175555556
38.62222222
38.02222222
0.227111111
4.495555556
4.557777778
5.533333333
1.983555556
1.427555556
0.416222222
5.288888889
0.009333333
39.48888889
0.606222222
35.48888889
27.33333333
6.755555556
36.24444444
36.08888889
4.177777778
4.917777778
5.588888889
5.817777778
4.66
1.722444444
1.141111111
1.183333333
5.757777778
0.009533333
35.37777778
1.434222222
35.11111111
27.26666667
6.666666667
36.13333333
36.88888889
4.366666667
5.48
5.704444444
5.242222222
6.26
2.622222222
0.718
3.844444444
4.32
0.009533333
38.73333333
1.285111111
34.13333333
29.24444444
6.184444444
35.68888889
36.24444444
4.151111111
1.450192593
0.015318519
5.404444444
5.513333333
4.706666667
2.953333333
4.164444444
3.715555556
0.009111111
37.53333333
0.713777778
38.02222222
27.53333333
5.711111111
34.51111111
34.62222222
4.251111111
5.642222222
4.551111111
2.895555556
2.36
1.171555556
1.107111111
0.009333333
36.08888889
0.098222222
35.48888889
32.86666667
6.768888889
38.24444444
38.57777778
4.088888889
5.188888889
5.031111111
0.548444444
1.005333333
3.068888889
2.271111111
0.009955556
40.15555556
0.452666667
32.44444444
32.17777778
7.175555556
38.02222222
37.37777778
4.653333333
5.704444444
6.32
4.637777778
0.885111111
0.458666667
6.246666667
4.042222222
0.009533333
31.51111111
0.353111111
38.95555556
30.82222222
6.726666667
36.77777778
36.73333333
4.313333333
5.424444444
0.513777778
0.925777778
3.662222222
4.164444444
0.009533333
40.04444444
1.091777778
37.26666667
29.57777778
6.475555556
35.42222222
34.44444444
4.224444444
4.902222222
1.932888889
0.385777778
5.751111111
3
0.010177778
55.11111111
0.266222222
35.91111111
10.60666667
6.491111111
37.37777778
36.35555556
4.482222222
6.415555556
5.833333333
4.551111111
1.039333333
1.310666667
5.906666667
1.632666667
0.009533333
34.51111111
1.086666667
37.04444444
31.31111111
6.66
36.88888889
36.13333333
4.442222222
5.12
4.36
0.377555556
4.653333333
3.108888889
1.012222222
0.009111111
28.04444444
0.496666667
36.28888889
34.55555556
7.162222222
39.6
39.28888889
4.68
6.726666667
5.397777778
6.422222222
2.391111111
4.604444444
0.915555556
4.251111111
0.009755556
30.97777778
0.259777778
36.24444444
31.8
6.577777778
36.84444444
37
6.924444444
5.682222222
5.893333333
6.64
0.996888889
0.173777778
3.215555556
0.009111111
40.46666667
0.383555556
11.94888889
38.2
7.406666667
42.8
42.53333333
6.211111111
6.353333333
5.46
2.308888889
4.462222222
0.237333333
3.115555556
0.009333333
36.02222222
0.564666667
1.420666667
42.97777778
8.6
48.28888889
47.04444444
6.448888889
5.344444444
0.182222222
4.502222222
1.685333333
4.944444444
0.009533333
35.26666667
0.356
41.77777778
8.286666667
49.08888889
48.77777778
6.802222222
4.644444444
2.951111111
4.475555556
2.384444444
6.604444444
0.009333333
38.95555556
0.060888889
38.31111111
8.071111111
47.04444444
45.88888889
7.188888889
5.744444444
1.497111111
3.102222222
0.308222222
7.433333333
0.009111111
38.35555556
0.049111111
43.35555556
5.682222222
47.84444444
45.8
5.473333333
4.822222222
0.361111111
2.526666667
6.835555556
0.009333333
40.73333333
0.060888889
36.77777778
14.56666667
45.57777778
43.46666667
5.975555556
5.602222222
3.586666667
0.296666667
1.875111111
7.486666667
0.009111111
30.26666667
0.049111111
44.26666667
10.38497778
49.42222222
47.64444444
0.012205926
5.513333333
5.453333333
0.375111111
0.350888889
6.24
0.009533333
41.88888889
26.91111111
32.82222222
38.24444444
36.77777778
6.781481481
0.14382
0.333614815
5.093333333
1.258
1.763333333
0.790888889
6.448888889
0.009533333
27.4
27.4
35.2
42.15555556
42.15555556
9.9506
0.893555556
0.077577778
6.957777778
4.495555556
4.28
0.39
1.100222222
3.295555556
0.009755556
48.88888889
35.04444444
29.13333333
34.33333333
33.84444444
3.606792593
0.463777778
0.167111111
0.063066667
2.558281481
6.353333333
6.233333333
0.98
0.188
2.557777778
2.180222222
0.009333333
37.44444444
36.73333333
31.73333333
36.51111111
36.77777778
0.79
8.857777778
0.100995556
0.001604444
1.147940741
7.391111111
6.055555556
5.526666667
2.251111111
0.194222222
3.804444444
3.215555556
0.009533333
28.64444444
31.02222222
34.17777778
38.88888889
38.62222222
5.08
0.456
9.142222222
7.202222222
6.197777778
6.197777778
3.804444444
0.634888889
3.442222222
2.98
0.009111111
32.77777778
33.84444444
33.35555556
36.24444444
35.31111111
4.462222222
0.193333333
8.328888889
6.646666667
6.435555556
1.110444444
0.464444444
0.546666667
0.69
0.009111111
26.71111111
40.08888889
35.11111111
38.8
37.86666667
4.673333333
0.270444444
8.871111111
7.093333333
5.615555556
5.608888889
1.425777778
0.231777778
0.864666667
2.766666667
0.009111111
43.88888889
33.8
32.44444444
35.42222222
33.95555556
4.353333333
0.64
7.582222222
6.104444444
5.893333333
5.688888889
1.000222222
1.729333333
3.422222222
4.015555556
0.009755556
37.37777778
38.2
30.33333333
33.8
33.95555556
4.428888889
0.253555556
8.842222222
6.32
6.104444444
5.262222222
2.702222222
3.391111111
0.216
1.329111111
0.009533333
31.84444444
33.15555556
34.33333333
37.93333333
37
4.848888889
1.115555556
9.413333333
6.266666667
6.293333333
6.653333333
0.939333333
1.773333333
0.450222222
0.009333333
33.75555556
21.15777778
34.93333333
40.8
38.51111111
4.673333333
0.966444444
9.737777778
5.804444444
5.344444444
5.195555556
1.166444444
0.334
2.282222222
0.009333333
37.53333333
36.51111111
31.02222222
36.35555556
33.46666667
4.577777778
0.775555556
8.911111111
6.266666667
3.764444444
3.075555556
0.272888889
2.617777778
0.009111111
48.22222222
38.24444444
28.22222222
31.73333333
28.42222222
3.906666667
0.387777778
7.555555556
7.486666667
7.635555556
0.172
4.637777778
2.149777778
1.854888889
0.009533333
34.44444444
35.37777778
31.24444444
35.48888889
33.68888889
4.455555556
0.549333333
9.195555556