93.78
94.38
99.28
99.24
96.37
99.43
99.99
51.78
98.06
58.82
75.29
72.50
94.37
67.78
67.82
20.21
93.77
99.62
98.71
95.96
98.14
99.99
57.31
98.95
60.44
73.22
26.44
94.22
66.24
66.58
37.97
9.13
19.86
94.98
93.91
99.85
99.70
97.64
99.47
99.99
71.58
97.81
56.38
69.07
22.67
93.18
62.73
63.16
54.51
14.97
94.94
94.37
95.79
98.56
99.17
97.92
96.63
99.99
65.71
98.69
54.27
72.47
26.18
93.91
65.07
65.22
42.25
23.55
94.33
99.03
97.66
97.68
95.16
99.99
75.96
98.90
62.24
69.56
17.38
92.97
61.31
61.27
74.36
94.15
94.42
95.08
99.75
96.35
97.76
94.68
99.99
57.89
99.02
63.42
74.11
92.27
94.25
65.56
65.93
93.46
95.63
97.36
99.01
96.35
97.81
99.99
62.51
98.97
60.67
70.98
91.75
94.50
65.18
65.67
93.82
95.08
97.11
98.76
95.36
99.46
99.99
59.96
99.00
58.93
73.91
91.47
93.89
66.47
66.58
95.22
95.91
98.20
96.87
95.35
95.36
99.99
64.24
98.14
82.80
67.02
90.46
92.88
58.67
58.56
94.17
95.51
96.74
95.71
95.51
97.91
99.99
70.33
98.75
99.67
60.02
89.56
91.78
52.27
52.96
93.44
95.53
98.51
95.72
99.09
98.29
99.99
58.98
99.09
99.86
62.40
89.54
91.86
53.71
54.20
95.18
95.28
97.04
95.40
97.33
97.78
99.99
67.33
99.51
99.93
60.82
89.70
91.50
52.27
52.80
93.90
94.69
98.76
94.88
99.62
99.45
99.99
67.56
98.91
99.94
59.27
88.52
91.63
51.71
52.47
94.13
95.20
94.91
99.73
95.38
99.08
99.79
99.99
59.31
99.20
99.93
60.33
88.58
91.59
53.62
55.40
93.88
95.72
99.55
95.33
99.20
97.25
99.99
68.16
99.33
99.94
59.16
89.08
91.37
51.00
51.38
94.33
95.42
95.54
97.93
96.12
98.85
96.19
99.99
61.16
98.83
74.51
68.42
92.97
93.08
60.40
61.16
92.42
94.16
95.92
99.57
95.30
97.52
96.34
99.99
73.44
99.89
68.04
67.71
90.23
93.06
60.40
61.00
93.50
94.49
99.00
97.97
99.25
97.23
99.99
58.49
98.76
63.11
70.27
18.34
93.60
63.82
64.09
4.32
19.30
93.94
94.93
99.03
97.42
98.34
96.47
99.99
67.60
99.88
67.40
66.73
92.64
60.02
60.56
99.74
22.21
93.93
94.20
98.30
98.01
96.02
96.95
99.99
70.60
99.03
64.02
70.22
92.82
61.38
61.98
99.77
95.50
95.44
94.47
98.02
98.57
99.58
94.71
99.99
60.51
99.39
64.51
72.67
93.24
63.76
63.91
95.82
95.08
94.41
94.18
95.34
98.28
98.86
98.82
94.24
99.99
64.62
98.57
64.89
72.73
93.33
63.87
63.11
95.63
94.52
94.30
94.76
93.74
97.38
99.28
96.16
95.68
99.99
61.27
98.71
65.87
70.76
93.82
64.31
63.76
95.85
42.88
3.32
94.60
94.49
95.29
97.05
95.84
96.28
99.99
62.47
99.29
61.98
72.47
94.29
65.49
65.38
95.75
94.36
95.45
97.10
97.64
98.83
98.89
99.99
63.91
99.90
64.51
67.13
93.23
61.76
61.42
95.91
94.81
94.97
99.45
98.99
96.93
97.73
99.99
59.84
99.55
67.56
67.82
92.82
61.98
62.62
95.35
94.30
93.68
95.36
99.11
99.54
93.75
95.96
99.99
68.49
99.65
61.04
69.18
93.27
63.22
63.27
95.69
94.58
99.49
99.07
96.34
95.84
99.99
59.96
98.91
62.73
70.42
93.52
64.58
65.56
95.78
95.10
98.07
99.61
94.25
97.00
99.99
44.89
99.73
64.09
89.39
93.51
62.62
63.64
95.52
93.58
94.17
95.45
98.96
98.69
94.09
98.37
99.99
65.49
98.91
62.96
68.69
93.34
63.11
63.87
95.56
94.88
95.64
99.62
95.35
96.89
98.99
99.99
71.96
99.50
63.71
65.44
92.84
60.40
60.71
95.32
93.27
94.60
93.58
97.61
95.40
99.08
95.75
99.99
69.02
99.74
63.76
68.20
93.42
63.16
63.00
93.08
94.32
94.11
93.36
99.00
99.83
96.78
99.99
59.53
99.62
88.05
61.80
92.59
57.20
57.47
93.79
93.65
94.54
97.69
95.54
99.76
96.88
99.99
63.98
99.44
98.58
57.02
91.40
51.71
52.96
93.55
94.66
99.82
95.50
98.31
95.06
99.99
64.73
99.64
58.22
91.71
50.91
51.22
93.20
95.36
97.05
95.52
97.62
93.40
99.99
61.04
99.94
61.69
91.93
52.96
54.11
92.81
94.26
98.50
96.90
99.69
92.57
99.99
61.64
99.95
56.64
94.32
52.16
54.20
94.53
95.18
99.64
97.47
93.16
99.99
59.27
99.94
63.22
85.43
54.42
56.53
94.02
94.40
96.41
99.70
98.12
92.51
99.99
69.73
99.95
55.73
71.95
50.58
52.36
4.65
94.49
94.55
99.62
99.65
93.76
99.99
58.11
73.09
67.18
61.76
63.22
76.55
16.86
4.33
94.91
98.74
98.24
99.21
93.55
99.99
72.60
72.60
64.80
57.84
57.84
89.05
99.11
0.92
93.04
95.50
95.72
99.61
98.90
96.70
99.99
51.11
64.96
70.87
65.67
66.16
42.73
99.54
1.83
3.94
28.11
93.65
93.77
99.02
99.81
97.44
97.82
99.99
62.56
63.27
68.27
63.49
63.22
99.21
91.14
7.57
6.33
34.19
92.61
93.94
94.47
97.75
99.81
96.20
96.78
99.99
71.36
68.98
65.82
61.11
61.38
94.92
99.54
90.86
92.80
93.80
93.80
96.20
99.37
96.56
97.02
99.99
67.22
66.16
66.64
63.76
64.69
95.54
99.81
91.67
93.35
93.56
98.89
99.54
99.45
99.31
99.99
73.29
59.91
64.89
61.20
62.13
95.33
99.73
91.13
92.91
94.38
94.39
98.57
99.77
99.14
97.23
99.99
56.11
66.20
67.56
64.58
66.04
95.65
99.36
92.42
93.90
94.11
94.31
99.00
98.27
96.58
95.98
99.99
62.62
61.80
69.67
66.20
66.04
95.57
99.75
91.16
93.68
93.90
94.74
97.30
96.61
99.78
98.67
99.99
68.16
66.84
65.67
62.07
63.00
95.15
98.88
90.59
93.73
93.71
93.35
99.06
98.23
99.55
99.99
66.24
78.84
65.07
59.20
61.49
95.33
99.03
90.26
94.20
94.66
94.80
98.83
99.67
97.72
99.99
62.47
63.49
68.98
63.64
66.53
95.42
99.22
91.09
93.73
96.24
96.92
99.73
97.38
99.99
51.78
61.76
71.78
68.27
71.58
96.09
99.61
92.44
92.51
92.36
99.83
95.36
97.85
98.15
99.99
65.56
64.62
68.76
64.51
66.31
95.54
99.45
90.80