0.00
0.00
0.00
0.00
0.00
0.00
0.00
0.00
0.00
0.00
0.00
0.00
0.00
0.00
0.00
78.00
100.00
100.00
100.00
100.00
100.00
100.00
100.00
100.00
100.00
100.00
100.00
100.00
100.00
100.00
128.00
168.67
178.67
200.00
200.00
200.00
200.00
200.00
200.00
200.00
200.00
200.00
200.00
200.00
200.00
200.00
200.00
200.00
224.33
283.67
300.00
300.00
300.00
300.00
300.00
300.00
300.00
300.00
300.00
300.00
300.00
300.00
300.00
300.00
300.00
300.00
328.33
374.00
400.00
400.00
400.00
400.00
400.00
400.00
400.00
400.00
400.00
400.00
400.00
400.00
400.00
400.00
418.67
500.00
500.00
500.00
500.00
500.00
500.00
500.00
500.00
500.00
500.00
500.00
500.00
500.00
500.00
500.00
500.00
600.00
600.00
600.00
600.00
600.00
600.00
600.00
600.00
600.00
600.00
600.00
600.00
600.00
600.00
600.00
700.00
700.00
700.00
700.00
700.00
700.00
700.00
700.00
700.00
700.00
700.00
700.00
700.00
700.00
700.00
800.00
800.00
800.00
800.00
800.00
800.00
800.00
800.00
800.00
800.00
800.00
800.00
800.00
800.00
800.00
900.00
900.00
900.00
900.00
900.00
900.00
900.00
900.00
900.00
900.00
900.00
900.00
900.00
900.00
900.00
1000.00
1000.00
1000.00
1000.00
1000.00
1000.00
1000.00
1000.00
1000.00
1000.00
1000.00
1000.00
1000.00
1000.00
1000.00
1100.00
1100.00
1100.00
1100.00
1100.00
1100.00
1100.00
1100.00
1100.00
1100.00
1100.00
1100.00
1100.00
1100.00
1100.00
1200.00
1200.00
1200.00
1200.00
1200.00
1200.00
1200.00
1200.00
1200.00
1200.00
1200.00
1200.00
1200.00
1200.00
1200.00
1300.00
1300.00
1300.00
1300.00
1300.00
1300.00
1300.00
1300.00
1300.00
1300.00
1300.00
1300.00
1300.00
1300.00
1300.00
1300.00
1400.00
1400.00
1400.00
1400.00
1400.00
1400.00
1400.00
1400.00
1400.00
1400.00
1400.00
1400.00
1400.00
1400.00
1400.00
1500.00
1500.00
1500.00
1500.00
1500.00
1500.00
1500.00
1500.00
1500.00
1500.00
1500.00
1500.00
1500.00
1500.00
1500.00
1500.00
1600.00
1600.00
1600.00
1600.00
1600.00
1600.00
1600.00
1600.00
1600.00
1600.00
1600.00
1600.00
1600.00
1600.00
1600.00
1600.00
1700.00
1700.00
1700.00
1700.00
1700.00
1700.00
1700.00
1700.00
1700.00
1700.00
1700.00
1700.00
1700.00
1700.00
1700.00
1719.67
1780.67
1800.00
1800.00
1800.00
1800.00
1800.00
1800.00
1800.00
1800.00
1800.00
1800.00
1800.00
1800.00
1800.00
1800.00
1800.00
1877.33
1900.00
1900.00
1900.00
1900.00
1900.00
1900.00
1900.00
1900.00
1900.00
1900.00
1900.00
1900.00
1900.00
1900.00
1900.00
1900.00
2000.00
2000.00
2000.00
2000.00
2000.00
2000.00
2000.00
2000.00
2000.00
2000.00
2000.00
2000.00
2000.00
2000.00
2000.00
2000.00
2100.00
2100.00
2100.00
2100.00
2100.00
2100.00
2100.00
2100.00
2100.00
2100.00
2100.00
2100.00
2100.00
2100.00
2100.00
2100.00
2100.00
2200.00
2200.00
2200.00
2200.00
2200.00
2200.00
2200.00
2200.00
2200.00
2200.00
2200.00
2200.00
2200.00
2200.00
2200.00
2200.00
2200.00
2244.33
2300.00
2300.00
2300.00
2300.00
2300.00
2300.00
2300.00
2300.00
2300.00
2300.00
2300.00
2300.00
2300.00
2300.00
2300.00
2400.00
2400.00
2400.00
2400.00
2400.00
2400.00
2400.00
2400.00
2400.00
2400.00
2400.00
2400.00
2400.00
2400.00
2400.00
2500.00
2500.00
2500.00
2500.00
2500.00
2500.00
2500.00
2500.00
2500.00
2500.00
2500.00
2500.00
2500.00
2500.00
2500.00
2600.00
2600.00
2600.00
2600.00
2600.00
2600.00
2600.00
2600.00
2600.00
2600.00
2600.00
2600.00
2600.00
2600.00
2600.00
2600.00
2700.00
2700.00
2700.00
2700.00
2700.00
2700.00
2700.00
2700.00
2700.00
2700.00
2700.00
2700.00
2700.00
2700.00
2800.00
2800.00
2800.00
2800.00
2800.00
2800.00
2800.00
2800.00
2800.00
2800.00
2800.00
2800.00
2800.00
2800.00
2900.00
2900.00
2900.00
2900.00
2900.00
2900.00
2900.00
2900.00
2900.00
2900.00
2900.00
2900.00
2900.00
2900.00
2900.00
2900.00
3000.00
3000.00
3000.00
3000.00
3000.00
3000.00
3000.00
3000.00
3000.00
3000.00
3000.00
3000.00
3000.00
3000.00
3000.00
3100.00
3100.00
3100.00
3100.00
3100.00
3100.00
3100.00
3100.00
3100.00
3100.00
3100.00
3100.00
3100.00
3100.00
3100.00
3200.00
3200.00
3200.00
3200.00
3200.00
3200.00
3200.00
3200.00
3200.00
3200.00
3200.00
3200.00
3200.00
3200.00
3200.00
3300.00
3300.00
3300.00
3300.00
3300.00
3300.00
3300.00
3300.00
3300.00
3300.00
3300.00
3300.00
3300.00
3300.00
3300.00
3400.00
3400.00
3400.00
3400.00
3400.00
3400.00
3400.00
3400.00
3400.00
3400.00
3400.00
3400.00
3400.00
3500.00
3500.00
3500.00
3500.00
3500.00
3500.00
3500.00
3500.00
3500.00
3500.00
3500.00
3500.00
3500.00
3600.00
3600.00
3600.00
3600.00
3600.00
3600.00
3600.00
3600.00
3600.00
3600.00
3600.00
3600.00
3600.00
3700.00
3700.00
3700.00
3700.00
3700.00
3700.00
3700.00
3700.00
3700.00
3700.00
3700.00
3700.00
3800.00
3800.00
3800.00
3800.00
3800.00
3800.00
3800.00
3800.00
3800.00
3800.00
3800.00
3800.00
3800.00
3882.33
3900.00
3900.00
3900.00
3900.00
3900.00
3900.00
3900.00
3900.00
3900.00
3900.00
3900.00
3912.00
3983.00
3995.33
4000.00
4000.00
4000.00
4000.00
4000.00
4000.00
4000.00
4000.00
4000.00
4000.00
4000.00
4000.00
4000.00
4099.00
4100.00
4100.00
4100.00
4100.00
4100.00
4100.00
4100.00
4100.00
4100.00
4100.00
4100.00
4100.00
4100.00
4100.00
4146.33
4148.33
4169.33
4200.00
4200.00
4200.00
4200.00
4200.00
4200.00
4200.00
4200.00
4200.00
4200.00
4200.00
4200.00
4200.00
4200.00
4235.00
4242.67
4264.67
4300.00
4300.00
4300.00
4300.00
4300.00
4300.00
4300.00
4300.00
4300.00
4300.00
4300.00
4300.00
4300.00
4300.00
4300.00
4300.00
4400.00
4400.00
4400.00
4400.00
4400.00
4400.00
4400.00
4400.00
4400.00
4400.00
4400.00
4400.00
4400.00
4400.00
4400.00
4400.00
4500.00
4500.00
4500.00
4500.00
4500.00
4500.00
4500.00
4500.00
4500.00
4500.00
4500.00
4500.00
4500.00
4500.00
4500.00
4600.00
4600.00
4600.00
4600.00
4600.00
4600.00
4600.00
4600.00
4600.00
4600.00
4600.00
4600.00
4600.00
4600.00
4600.00
4600.00
4700.00
4700.00
4700.00
4700.00
4700.00
4700.00
4700.00
4700.00
4700.00
4700.00
4700.00
4700.00
4700.00
4700.00
4700.00
4700.00
4800.00
4800.00
4800.00
4800.00
4800.00
4800.00
4800.00
4800.00
4800.00
4800.00
4800.00
4800.00
4800.00
4800.00
4800.00
4800.00
4900.00
4900.00
4900.00
4900.00
4900.00
4900.00
4900.00
4900.00
4900.00
4900.00
4900.00
4900.00
4900.00
4900.00
4900.00
5000.00
5000.00
5000.00
5000.00
5000.00
5000.00
5000.00
5000.00
5000.00
5000.00
5000.00
5000.00
5000.00
5000.00
5000.00
5100.00
5100.00
5100.00
5100.00
5100.00
5100.00
5100.00
5100.00
5100.00
5100.00
5100.00
5100.00
5100.00
5100.00
5200.00
5200.00
5200.00
5200.00
5200.00
5200.00
5200.00
5200.00
5200.00
5200.00
5200.00
5200.00
5200.00
5200.00
5200.00